src_ip,dst_ip,src_port,dst_port,src_mac,dst_mac,protocol,timestamp,flow_duration,flow_byts_s,flow_pkts_s,fwd_pkts_s,bwd_pkts_s,tot_fwd_pkts,tot_bwd_pkts,totlen_fwd_pkts,totlen_bwd_pkts,fwd_pkt_len_max,fwd_pkt_len_min,fwd_pkt_len_mean,fwd_pkt_len_std,bwd_pkt_len_max,bwd_pkt_len_min,bwd_pkt_len_mean,bwd_pkt_len_std,pkt_len_max,pkt_len_min,pkt_len_mean,pkt_len_std,pkt_len_var,fwd_header_len,bwd_header_len,fwd_seg_size_min,fwd_act_data_pkts,flow_iat_mean,flow_iat_max,flow_iat_min,flow_iat_std,fwd_iat_tot,fwd_iat_max,fwd_iat_min,fwd_iat_mean,fwd_iat_std,bwd_iat_tot,bwd_iat_max,bwd_iat_min,bwd_iat_mean,bwd_iat_std,fwd_psh_flags,bwd_psh_flags,fwd_urg_flags,bwd_urg_flags,fin_flag_cnt,syn_flag_cnt,rst_flag_cnt,psh_flag_cnt,ack_flag_cnt,urg_flag_cnt,ece_flag_cnt,down_up_ratio,pkt_size_avg,init_fwd_win_byts,init_bwd_win_byts,active_max,active_min,active_mean,active_std,idle_max,idle_min,idle_mean,idle_std,fwd_byts_b_avg,fwd_pkts_b_avg,bwd_byts_b_avg,bwd_pkts_b_avg,fwd_blk_rate_avg,bwd_blk_rate_avg,fwd_seg_size_avg,bwd_seg_size_avg,cwe_flag_count,subflow_fwd_pkts,subflow_bwd_pkts,subflow_fwd_byts,subflow_bwd_byts,predicted_score,predicted_label
192.168.100.214,172.217.170.197,48902,443,b4:69:21:61:a7:3d,c8:1f:be:4e:a4:a6,6,2023-03-22 18:12:20,19816.875457763672,6660.989532953151,100.9240838326235,50.46204191631175,50.46204191631175,1,1,66,66,66.0,66.0,66.0,0.0,66.0,66.0,66.0,0.0,66,66,66.0,0.0,0.0,20,20,20,0,0.0,0.0,0.0,0.0,0,0.0,0.0,0.0,0.0,0.0,0.0,0.0,0.0,0.0,0,0,0,0,1,0,0,0,0,0,0,1.0,66.0,523,361,0.0,0.0,0.0,0.0,0.0,0.0,0.0,0.0,0.0,0.0,0.0,0.0,0.0,0.0,66.0,66.0,0,1,1,66,66,BENIGN,0.96
192.168.100.214,172.217.170.195,58035,443,b4:69:21:61:a7:3d,c8:1f:be:4e:a4:a6,17,2023-03-22 18:12:21,418950.55770874023,23384.62097670962,38.190664042804315,21.482248524077427,16.708415518726888,9,7,5072,4725,1292.0,75.0,563.5555555555555,556.4798311431744,1292.0,64.0,675.0,556.1775153414857,1292,64,612.3125,559.0877300064365,312579.08984375,72,56,8,9,27930.037180582684,154762.02964782715,0.476837158203125,40468.445570001095,418950.55770874023,222416.63932800293,1227.8556823730469,52368.81971359253,66872.27102412013,312361.9556427002,217356.68182373047,0.476837158203125,52060.325940450035,75406.04241542931,0,0,0,0,1,0,0,0,0,0,0,0.7777777777777778,612.3125,0,0,0.0,0.0,0.0,0.0,0.0,0.0,0.0,0.0,0.0,0.0,0.0,0.0,0.0,0.0,563.5555555555555,675.0,0,9,7,5072,4725,BENIGN,0.98
192.168.100.214,108.177.15.188,59466,5228,b4:69:21:61:a7:3d,c8:1f:be:4e:a4:a6,6,2023-03-22 18:12:25,207618.95179748535,635.780109942732,9.633031968829272,4.816515984414636,4.816515984414636,1,1,66,66,66.0,66.0,66.0,0.0,66.0,66.0,66.0,0.0,66,66,66.0,0.0,0.0,20,20,20,0,0.0,0.0,0.0,0.0,0,0.0,0.0,0.0,0.0,0.0,0.0,0.0,0.0,0.0,0,0,0,0,1,0,0,0,0,0,0,1.0,66.0,501,265,0.0,0.0,0.0,0.0,0.0,0.0,0.0,0.0,0.0,0.0,0.0,0.0,0.0,0.0,66.0,66.0,0,1,1,66,66,BENIGN,0.96
192.168.100.214,192.168.100.1,47763,53,b4:69:21:61:a7:3d,c8:1f:be:4e:a4:a6,17,2023-03-22 18:12:25,24255.990982055664,8987.470359849416,82.45385651237996,41.22692825618998,41.22692825618998,1,1,80,138,80.0,80.0,80.0,0.0,138.0,138.0,138.0,0.0,138,80,109.0,29.0,841.0,8,8,8,1,0.0,0.0,0.0,0.0,0,0.0,0.0,0.0,0.0,0.0,0.0,0.0,0.0,0.0,0,0,0,0,1,0,0,0,0,0,0,1.0,109.0,0,0,0.0,0.0,0.0,0.0,0.0,0.0,0.0,0.0,0.0,0.0,0.0,0.0,0.0,0.0,80.0,138.0,0,1,1,80,138,BENIGN,0.99
192.168.100.214,172.217.170.195,39049,443,b4:69:21:61:a7:3d,c8:1f:be:4e:a4:a6,17,2023-03-22 18:12:25,570515.1557922363,12872.576522181742,33.3032344664288,15.775216326203115,17.528018140225683,9,10,2712,4632,1292.0,75.0,301.3333333333333,415.15619550557915,1292.0,64.0,463.2,480.4258111300849,1292,64,386.5263157894737,457.877870227773,209652.14404432132,72,80,8,9,31695.28643290202,149374.48501586914,0.0,46317.31850475655,467435.1215362549,209373.95095825195,184.05914306640625,58429.39019203186,71998.68468662928,420577.0492553711,110164.64233398438,0.0,46730.78325059679,44238.7319777288,0,0,0,0,1,0,0,0,0,0,0,1.1111111111111112,386.5263157894737,0,0,0.0,0.0,0.0,0.0,0.0,0.0,0.0,0.0,0.0,0.0,3512.0,6.0,0.0,59572.11003356655,301.3333333333333,463.2,0,9,10,2712,4632,BENIGN,0.99
192.168.100.214,216.58.223.67,43329,443,b4:69:21:61:a7:3d,c8:1f:be:4e:a4:a6,17,2023-03-22 18:12:25,738981.4853668213,14187.094274487637,37.88998852400361,18.944994262001806,18.944994262001806,14,14,5191,5293,1292.0,75.0,370.7857142857143,483.44392178432037,1292.0,63.0,378.07142857142856,461.95430576220946,1292,63,374.42857142857144,472.8352498168762,223573.17346938775,112,112,8,14,27369.6846432156,107414.48402404785,0.2384185791015625,36555.52893100195,658701.1814117432,193976.40228271484,190.0196075439453,50669.321647057164,57741.95025157401,631376.9817352295,137180.08995056152,0.2384185791015625,48567.460133479195,49975.37770613579,0,0,0,0,1,0,0,0,0,0,0,1.0,374.42857142857144,0,0,0.0,0.0,0.0,0.0,0.0,0.0,0.0,0.0,2534.0,4.0,3500.0,5.0,781382.6154977209,41630.21864277004,370.7857142857143,378.07142857142856,0,14,14,5191,5293,BENIGN,1.0
192.168.100.214,35.201.127.49,45847,443,b4:69:21:61:a7:3d,c8:1f:be:4e:a4:a6,17,2023-03-22 18:12:20,5989437.580108643,1472.9262776355667,8.681950400935103,4.674896369734286,4.007054031200816,28,24,3105,5717,213.0,75.0,110.89285714285714,57.72121378148733,582.0,67.0,238.20833333333334,234.9893577673016,582,67,169.65384615384616,176.9420683786933,31308.495562130174,224,192,8,28,117439.95255114985,2004312.9920959473,0.2384185791015625,332692.0179654427,5897983.551025391,2036110.8779907227,234.6038818359375,218443.8352231626,450595.4454608197,5966862.678527832,2082394.3614959717,0.2384185791015625,259428.81210990573,491852.43642505934,0,0,0,0,1,0,0,0,0,0,0,0.8571428571428571,169.65384615384616,0,0,0.0,0.0,0.0,0.0,0.0,0.0,0.0,0.0,412.0,4.0,0.0,0.0,1617.3080774000327,0.0,110.89285714285714,238.20833333333334,0,28,24,3105,5717,BENIGN,1.0
192.168.100.1,239.255.255.250,46347,1900,c8:1f:be:4e:a4:a6,b4:69:21:61:a7:3d,17,2023-03-22 18:12:25,1820744.7528839111,383.3596108924246,2.196903214283236,2.196903214283236,0.0,4,0,698,0,175.0,174.0,174.5,0.5,0.0,0.0,0.0,0.0,175,174,174.5,0.5,0.25,32,0,8,4,606914.9176279703,1300163.5074615479,259172.91641235352,490201.62841226417,1820744.7528839111,1300163.5074615479,259172.91641235352,606914.9176279703,490201.62841226417,0.0,0.0,0.0,0.0,0.0,0,0,0,0,1,0,0,0,0,0,0,0.0,174.5,0,0,0.0,0.0,0.0,0.0,0.0,0.0,0.0,0.0,0.0,0.0,0.0,0.0,0.0,0.0,174.5,0.0,0,4,0,698,0,BENIGN,0.97
192.168.100.214,192.168.100.1,43622,53,b4:69:21:61:a7:3d,c8:1f:be:4e:a4:a6,17,2023-03-22 18:12:28,87132.21549987793,2639.6666110288706,22.953622704598875,11.476811352299437,11.476811352299437,1,1,75,155,75.0,75.0,75.0,0.0,155.0,155.0,155.0,0.0,155,75,115.0,40.0,1600.0,8,8,8,1,0.0,0.0,0.0,0.0,0,0.0,0.0,0.0,0.0,0.0,0.0,0.0,0.0,0.0,0,0,0,0,1,0,0,0,0,0,0,1.0,115.0,0,0,0.0,0.0,0.0,0.0,0.0,0.0,0.0,0.0,0.0,0.0,0.0,0.0,0.0,0.0,75.0,155.0,0,1,1,75,155,BENIGN,0.99
192.168.100.214,52.84.97.164,43856,443,b4:69:21:61:a7:3d,c8:1f:be:4e:a4:a6,6,2023-03-22 18:12:29,154778.95736694336,9930.29043577381,83.99074539040959,38.76495941095827,45.22578597945132,6,7,618,919,163.0,66.0,103.0,30.566866593312003,433.0,66.0,131.28571428571428,124.23447219525124,433,66,118.23076923076923,94.55576608228756,8940.792899408283,120,140,20,4,12898.24644724528,43828.487396240234,0.0,16561.743585190397,142390.72799682617,66051.72157287598,244.140625,28478.145599365234,25437.54419308943,78771.35276794434,37494.18258666992,0.0,13128.558794657389,15043.417193336798,0,0,0,0,1,0,0,0,0,0,0,1.1666666666666667,118.23076923076923,501,133,0.0,0.0,0.0,0.0,0.0,0.0,0.0,0.0,0.0,0.0,0.0,0.0,0.0,0.0,103.0,131.28571428571428,0,6,7,618,919,BENIGN,1.0
192.168.100.123,239.255.255.250,41339,1900,da:94:86:4d:80:58,b4:69:21:61:a7:3d,17,2023-03-22 18:12:29,597500.0858306885,838.4936034000281,5.020919780838491,5.020919780838491,0.0,3,0,501,0,167.0,167.0,167.0,0.0,0.0,0.0,0.0,0.0,167,167,167.0,0.0,0.0,24,0,8,3,298750.04291534424,300270.79582214355,297229.2900085449,1520.7529067993164,597500.0858306885,300270.79582214355,297229.2900085449,298750.04291534424,1520.7529067993164,0.0,0.0,0.0,0.0,0.0,0,0,0,0,1,0,0,0,0,0,0,0.0,167.0,0,0,0.0,0.0,0.0,0.0,0.0,0.0,0.0,0.0,0.0,0.0,0.0,0.0,0.0,0.0,167.0,0.0,0,3,0,501,0,BENIGN,0.93
192.168.100.214,192.168.100.1,47314,53,b4:69:21:61:a7:3d,c8:1f:be:4e:a4:a6,17,2023-03-22 18:12:30,83094.59686279297,2382.8264108067165,24.068953644512288,12.034476822256144,12.034476822256144,1,1,79,119,79.0,79.0,79.0,0.0,119.0,119.0,119.0,0.0,119,79,99.0,20.0,400.0,8,8,8,1,0.0,0.0,0.0,0.0,0,0.0,0.0,0.0,0.0,0.0,0.0,0.0,0.0,0.0,0,0,0,0,1,0,0,0,0,0,0,1.0,99.0,0,0,0.0,0.0,0.0,0.0,0.0,0.0,0.0,0.0,0.0,0.0,0.0,0.0,0.0,0.0,79.0,119.0,0,1,1,79,119,BENIGN,0.99
192.168.100.214,172.217.170.206,51080,443,b4:69:21:61:a7:3d,c8:1f:be:4e:a4:a6,17,2023-03-22 18:12:30,846586.2274169922,16943.342019353167,27.167935474422954,14.174575030133715,12.99336044428924,12,11,7843,6501,1292.0,76.0,653.5833333333334,580.2004622446357,1292.0,64.0,591.0,569.6008171597815,1292,64,623.6521739130435,576.0044239485644,331781.09640831756,96,88,8,12,38481.192155317825,167811.87057495117,0.2384185791015625,53584.983628585134,846586.2274169922,210627.31742858887,16.21246337890625,76962.38431063565,73125.02899229433,729605.1979064941,194679.49867248535,0.2384185791015625,72960.51979064941,61958.01360414667,0,0,0,0,1,0,0,0,0,0,0,0.9166666666666666,623.6521739130435,0,0,0.0,0.0,0.0,0.0,0.0,0.0,0.0,0.0,4591.0,4.0,0.0,0.0,16700823.646140503,0.0,653.5833333333334,591.0,0,12,11,7843,6501,BENIGN,0.99
192.168.100.214,104.18.3.161,41613,443,b4:69:21:61:a7:3d,c8:1f:be:4e:a4:a6,17,2023-03-22 18:12:28,11424390.5544281,5668.311118346715,11.991886949881867,6.827497679494785,5.1643892703870815,78,59,45613,19144,1292.0,87.0,584.7820512820513,566.087667565856,1242.0,65.0,324.47457627118644,452.8720160409076,1292,65,472.6788321167883,536.0857178205654,287387.89685119083,624,472,8,78,84002.87172373604,1606836.0805511475,0.2384185791015625,182936.24227896257,11424390.5544281,1760695.9342956543,10.967254638671875,148368.70849906624,277526.14020674326,11222411.87095642,1772135.9729766846,0.2384185791015625,193489.8598440762,302352.45517315087,0,0,0,0,1,0,0,0,0,0,0,0.7564102564102564,472.6788321167883,0,0,0.0,0.0,0.0,0.0,0.0,0.0,0.0,0.0,5670.142857142857,6.857142857142857,1139.5,5.25,47550.21839506275,90744.6903144654,584.7820512820513,324.47457627118644,0,78,59,45613,19144,BENIGN,0.98
192.168.100.123,239.255.255.250,46920,1900,da:94:86:4d:80:58,b4:69:21:61:a7:3d,17,2023-03-22 18:12:39,604099.2736816406,829.3338890257071,4.966071191770701,4.966071191770701,0.0,3,0,501,0,167.0,167.0,167.0,0.0,0.0,0.0,0.0,0.0,167,167,167.0,0.0,0.0,24,0,8,3,302049.6368408203,360975.7423400879,243123.53134155273,58926.10549926758,604099.2736816406,360975.7423400879,243123.53134155273,302049.6368408203,58926.10549926758,0.0,0.0,0.0,0.0,0.0,0,0,0,0,1,0,0,0,0,0,0,0.0,167.0,0,0,0.0,0.0,0.0,0.0,0.0,0.0,0.0,0.0,0.0,0.0,0.0,0.0,0.0,0.0,167.0,0.0,0,3,0,501,0,BENIGN,0.94
192.168.100.72,239.255.255.250,36079,1900,34:f3:9a:0b:3d:d0,b4:69:21:61:a7:3d,17,2023-03-22 18:12:42,2938877.820968628,291.26763756305803,1.3610637269301775,1.3610637269301775,0.0,4,0,856,0,214.0,214.0,214.0,0.0,0.0,0.0,0.0,0.0,214,214,214.0,0.0,0.0,32,0,8,4,979625.940322876,1310952.90184021,620617.3896789551,282507.2065395446,2938877.820968628,1310952.90184021,620617.3896789551,979625.940322876,282507.2065395446,0.0,0.0,0.0,0.0,0.0,0,0,0,0,1,0,0,0,0,0,0,0.0,214.0,0,0,0.0,0.0,0.0,0.0,0.0,0.0,0.0,0.0,0.0,0.0,0.0,0.0,0.0,0.0,214.0,0.0,0,4,0,856,0,BENIGN,0.96
192.168.100.214,192.168.100.1,37812,53,b4:69:21:61:a7:3d,c8:1f:be:4e:a4:a6,17,2023-03-22 18:12:48,81681.72836303711,3574.850898137175,24.485280124227227,12.242640062113614,12.242640062113614,1,1,82,210,82.0,82.0,82.0,0.0,210.0,210.0,210.0,0.0,210,82,146.0,64.0,4096.0,8,8,8,1,0.0,0.0,0.0,0.0,0,0.0,0.0,0.0,0.0,0.0,0.0,0.0,0.0,0.0,0,0,0,0,1,0,0,0,0,0,0,1.0,146.0,0,0,0.0,0.0,0.0,0.0,0.0,0.0,0.0,0.0,0.0,0.0,0.0,0.0,0.0,0.0,82.0,210.0,0,1,1,82,210,BENIGN,0.99
192.168.100.214,54.83.55.199,34618,443,b4:69:21:61:a7:3d,c8:1f:be:4e:a4:a6,6,2023-03-22 18:12:49,975401.1631011963,5101.490738620073,24.605260797202924,13.327849598484917,11.277411198718006,13,11,3607,1369,1466.0,66.0,277.46153846153845,378.2273665778328,438.0,66.0,124.45454545454545,104.51303845268097,1466,66,207.33333333333334,297.1651710562476,88307.13888888889,260,220,20,7,42403.190032295555,268327.4745941162,-127.7923583984375,92209.5692795798,721741.6763305664,268486.97662353516,26.702880859375,60145.13969421387,104011.46418905031,707073.6885070801,253777.50396728516,0.2384185791015625,70707.36885070801,107993.69683285443,0,0,0,0,1,0,0,0,0,0,0,0.8461538461538461,207.33333333333334,64240,184,0.0,0.0,0.0,0.0,0.0,0.0,0.0,0.0,2186.0,5.0,0.0,0.0,1660704.3187828292,0.0,277.46153846153845,124.45454545454545,0,13,11,3607,1369,BENIGN,1.0
192.168.100.214,54.83.55.199,34620,443,b4:69:21:61:a7:3d,c8:1f:be:4e:a4:a6,6,2023-03-22 18:12:49,790341.6156768799,2276.230890941084,18.979134721576575,10.12220518484084,8.856929536735734,8,7,1104,695,583.0,66.0,138.0,168.9977810505215,171.0,66.0,99.28571428571429,38.08904711598968,583,66,119.93333333333334,127.60170671098236,16282.195555555558,160,140,20,2,56423.35755484445,277163.2671356201,-247.47848510742188,101270.14989988886,790341.6156768799,321265.93589782715,36.716461181640625,112905.94509669712,132825.9626972652,497204.065322876,278230.6671142578,0.2384185791015625,82867.34422047932,118433.26438621704,0,0,0,0,1,0,0,0,0,0,0,0.875,119.93333333333334,64240,110,0.0,0.0,0.0,0.0,0.0,0.0,0.0,0.0,0.0,0.0,0.0,0.0,0.0,0.0,138.0,99.28571428571429,0,8,7,1104,695,BENIGN,1.0
192.168.100.123,239.255.255.250,32892,1900,da:94:86:4d:80:58,b4:69:21:61:a7:3d,17,2023-03-22 18:12:49,528573.2746124268,947.8345275162754,5.675655853390871,5.675655853390871,0.0,3,0,501,0,167.0,167.0,167.0,0.0,0.0,0.0,0.0,0.0,167,167,167.0,0.0,0.0,24,0,8,3,264286.6373062134,283704.0424346924,244869.23217773438,19417.405128479004,528573.2746124268,283704.0424346924,244869.23217773438,264286.6373062134,19417.405128479004,0.0,0.0,0.0,0.0,0.0,0,0,0,0,1,0,0,0,0,0,0,0.0,167.0,0,0,0.0,0.0,0.0,0.0,0.0,0.0,0.0,0.0,0.0,0.0,0.0,0.0,0.0,0.0,167.0,0.0,0,3,0,501,0,BENIGN,0.94
192.168.100.214,192.168.100.1,52891,53,b4:69:21:61:a7:3d,c8:1f:be:4e:a4:a6,17,2023-03-22 18:12:51,17912.626266479492,11053.655508378699,111.65308594321918,55.82654297160959,55.82654297160959,1,1,91,107,91.0,91.0,91.0,0.0,107.0,107.0,107.0,0.0,107,91,99.0,8.0,64.0,8,8,8,1,0.0,0.0,0.0,0.0,0,0.0,0.0,0.0,0.0,0.0,0.0,0.0,0.0,0.0,0,0,0,0,1,0,0,0,0,0,0,1.0,99.0,0,0,0.0,0.0,0.0,0.0,0.0,0.0,0.0,0.0,0.0,0.0,0.0,0.0,0.0,0.0,91.0,107.0,0,1,1,91,107,BENIGN,0.99
192.168.100.214,172.217.170.202,44475,443,b4:69:21:61:a7:3d,c8:1f:be:4e:a4:a6,17,2023-03-22 18:12:51,487775.0873565674,16505.55800959686,41.002504060605794,20.501252030302897,20.501252030302897,10,10,3721,4330,1292.0,75.0,372.1,478.2521197025686,1292.0,63.0,433.0,481.6556861493488,1292,63,402.55,480.9218725531207,231285.84750000006,80,80,8,10,25672.373018766706,160416.6030883789,0.476837158203125,43433.75387759853,441685.67657470703,255724.90692138672,164.031982421875,49076.18628607856,78661.26601167413,393048.7632751465,160416.6030883789,0.476837158203125,43672.08480834961,54811.810991938786,0,0,0,0,1,0,0,0,0,0,0,1.0,402.55,0,0,0.0,0.0,0.0,0.0,0.0,0.0,0.0,0.0,0.0,0.0,0.0,0.0,0.0,0.0,372.1,433.0,0,10,10,3721,4330,BENIGN,0.99
192.168.100.214,192.168.100.1,55151,53,b4:69:21:61:a7:3d,c8:1f:be:4e:a4:a6,17,2023-03-22 18:12:52,16978.50227355957,9777.069692331457,117.79602038953561,58.89801019476781,58.89801019476781,1,1,75,91,75.0,75.0,75.0,0.0,91.0,91.0,91.0,0.0,91,75,83.0,8.0,64.0,8,8,8,1,0.0,0.0,0.0,0.0,0,0.0,0.0,0.0,0.0,0.0,0.0,0.0,0.0,0.0,0,0,0,0,1,0,0,0,0,0,0,1.0,83.0,0,0,0.0,0.0,0.0,0.0,0.0,0.0,0.0,0.0,0.0,0.0,0.0,0.0,0.0,0.0,75.0,91.0,0,1,1,75,91,BENIGN,0.99
192.168.100.214,172.217.170.195,49037,443,b4:69:21:61:a7:3d,c8:1f:be:4e:a4:a6,17,2023-03-22 18:12:52,412304.162979126,27482.138230492867,55.78405959768211,29.104726746616752,26.679332851065354,12,11,5421,5910,1292.0,75.0,451.75,519.6242432437758,1292.0,64.0,537.2727272727273,515.4170581205602,1292,64,492.6521739130435,519.3763491539556,269751.79206049157,96,88,8,12,18741.098317232998,125936.26976013184,0.2384185791015625,35467.87999657665,336638.2122039795,220755.57708740234,143.0511474609375,30603.473836725407,62819.582336622094,315229.6543121338,135658.97941589355,0.2384185791015625,31522.96543121338,44140.96893192093,0,0,0,0,1,0,0,0,0,0,0,0.9166666666666666,492.6521739130435,0,0,0.0,0.0,0.0,0.0,0.0,0.0,0.0,0.0,1389.0,4.0,2262.0,5.0,1415424.7463556852,1185939456.0,451.75,537.2727272727273,0,12,11,5421,5910,BENIGN,0.99
192.168.100.123,239.255.255.250,54034,1900,da:94:86:4d:80:58,b4:69:21:61:a7:3d,17,2023-03-22 18:12:59,603189.9452209473,830.5841368368378,4.9735577056098075,4.9735577056098075,0.0,3,0,501,0,167.0,167.0,167.0,0.0,0.0,0.0,0.0,0.0,167,167,167.0,0.0,0.0,24,0,8,3,301594.97261047363,302100.65841674805,301089.2868041992,505.68580627441406,603189.9452209473,302100.65841674805,301089.2868041992,301594.97261047363,505.68580627441406,0.0,0.0,0.0,0.0,0.0,0,0,0,0,1,0,0,0,0,0,0,0.0,167.0,0,0,0.0,0.0,0.0,0.0,0.0,0.0,0.0,0.0,0.0,0.0,0.0,0.0,0.0,0.0,167.0,0.0,0,3,0,501,0,BENIGN,0.94
192.168.100.214,172.217.170.197,48902,443,b4:69:21:61:a7:3d,c8:1f:be:4e:a4:a6,6,2023-03-22 18:13:05,77838.65928649902,1695.8154368274836,25.694173285264903,12.847086642632451,12.847086642632451,1,1,66,66,66.0,66.0,66.0,0.0,66.0,66.0,66.0,0.0,66,66,66.0,0.0,0.0,20,20,20,0,0.0,0.0,0.0,0.0,0,0.0,0.0,0.0,0.0,0.0,0.0,0.0,0.0,0.0,0,0,0,0,1,0,0,0,0,0,0,1.0,66.0,523,361,0.0,0.0,0.0,0.0,0.0,0.0,0.0,0.0,0.0,0.0,0.0,0.0,0.0,0.0,66.0,66.0,0,1,1,66,66,BENIGN,0.97
35.201.127.49,192.168.100.214,443,45994,c8:1f:be:4e:a4:a6,b4:69:21:61:a7:3d,6,2023-03-22 18:12:20,90056081.77185059,265.03484862318953,3.153590456216936,2.0209628979981775,1.1326275582187588,182,102,14280,9588,90.0,66.0,78.46153846153847,11.757913110329534,94.0,94.0,94.0,0.0,94,66,84.04225352112677,12.006965841729517,144.16722872445942,3640,2040,20,91,318219.3702185533,1357800.006866455,0.476837158203125,410141.7812741413,90055684.80491638,1357800.006866455,0.476837158203125,497545.2199166651,424751.1836735184,90055961.60888672,1425085.5445861816,97910.88104248047,891643.1842464032,272978.58967165294,0,0,0,0,1,0,0,0,0,0,0,0.5604395604395604,84.04225352112677,268,501,345784.42573547363,2958.536148071289,135799.5867729187,137274.78101074096,1050493.2403564453,19899.845123291016,297118.46510569256,352265.61119434197,0.0,0.0,0.0,0.0,0.0,0.0,78.46153846153847,94.0,0,182,102,14280,9588,BENIGN,0.86
35.201.127.49,192.168.100.214,443,58260,c8:1f:be:4e:a4:a6,b4:69:21:61:a7:3d,6,2023-03-22 18:12:20,90038028.9554596,264.66594478415703,3.1431163396523893,2.010261687198171,1.132854652454218,181,102,14274,9556,114.0,66.0,78.86187845303867,11.969008544244076,94.0,78.0,93.68627450980392,2.2183742154872075,114,66,84.20494699646643,12.002372126291036,144.056936657968,3620,2040,20,92,319282.7887568913,2411195.755004883,-282.52601623535156,436008.2148332852,90037757.15827942,2411195.755004883,0.476837158203125,500209.76199044124,458900.10011156724,90037837.98217773,2491718.530654907,107.04994201660156,891463.7423977994,369419.04935110715,0,0,0,0,1,0,0,0,0,0,0,0.56353591160221,84.20494699646643,269,501,1143340.826034546,119169.95048522949,598472.3567962646,420678.56061106647,2144508.123397827,96772.67074584961,841322.5650787354,778112.6553639347,0.0,0.0,0.0,0.0,0.0,0.0,78.86187845303867,93.68627450980392,0,181,102,14274,9556,BENIGN,0.88
192.168.100.214,172.217.170.174,49771,443,b4:69:21:61:a7:3d,c8:1f:be:4e:a4:a6,17,2023-03-22 18:12:20,90111856.22215271,203.72457931331513,2.2305610873720636,1.1430238407926494,1.087537246579414,103,98,9502,8856,492.0,75.0,92.25242718446601,71.39629840648331,670.0,66.0,90.36734693877551,86.28516884348677,670,66,91.33333333333333,79.01245782076987,6242.968490878938,824,784,8,103,450559.28111076355,7807210.922241211,0.2384185791015625,1139725.3085839397,90111856.22215271,7869570.970535278,211.23886108398438,883449.5708054188,1511217.122939368,88481873.51226807,7807210.922241211,0.2384185791015625,912184.2630130729,1532504.5712294602,0,0,0,0,1,0,0,0,0,0,0,0.9514563106796117,91.33333333333333,0,0,6201650.857925415,986563.2057189941,3042941.427230835,2069038.1867717283,3204553.8425445557,23122.787475585938,1965617.7217310125,1030246.0750609162,0.0,0.0,0.0,0.0,0.0,0.0,92.25242718446601,90.36734693877551,0,103,98,9502,8856,BENIGN,0.94
35.201.127.49,192.168.100.214,443,58264,c8:1f:be:4e:a4:a6,b4:69:21:61:a7:3d,6,2023-03-22 18:12:21,90018855.09490967,264.5445776320101,3.1437858180002882,2.0106898694630817,1.1330959485372063,181,102,14226,9588,90.0,66.0,78.59668508287292,11.716626051380961,94.0,94.0,94.0,0.0,94,66,84.14840989399293,11.937079859137897,142.49387556343564,3620,2040,20,91,319215.7982088995,1296330.6903839111,123.26240539550781,408261.0432385192,90018429.51774597,1296330.6903839111,17229.557037353516,500102.38620969985,419844.52130685066,90018493.89076233,1369509.6969604492,268367.2904968262,891272.2167402211,263499.4142287912,0,0,0,0,1,0,0,0,0,0,0,0.56353591160221,84.14840989399293,269,501,270150.42304992676,218311.78665161133,245627.95956929526,21255.033368172586,1003695.011138916,43323.516845703125,225584.65600013733,302808.7238191644,0.0,0.0,0.0,0.0,0.0,0.0,78.59668508287292,94.0,0,181,102,14226,9588,BENIGN,0.86
192.168.100.123,239.255.255.250,53781,1900,da:94:86:4d:80:58,b4:69:21:61:a7:3d,17,2023-03-22 18:13:11,599444.8661804199,835.7732766856491,5.004630399315264,5.004630399315264,0.0,3,0,501,0,167.0,167.0,167.0,0.0,0.0,0.0,0.0,0.0,167,167,167.0,0.0,0.0,24,0,8,3,299722.43309020996,302581.3102722168,296863.5559082031,2858.877182006836,599444.8661804199,302581.3102722168,296863.5559082031,299722.43309020996,2858.877182006836,0.0,0.0,0.0,0.0,0.0,0,0,0,0,1,0,0,0,0,0,0,0.0,167.0,0,0,0.0,0.0,0.0,0.0,0.0,0.0,0.0,0.0,0.0,0.0,0.0,0.0,0.0,0.0,167.0,0.0,0,3,0,501,0,BENIGN,0.93
192.168.100.214,108.177.15.188,59466,5228,b4:69:21:61:a7:3d,c8:1f:be:4e:a4:a6,6,2023-03-22 18:13:11,206583.02307128906,638.9682851840568,9.68133765430389,4.840668827151945,4.840668827151945,1,1,66,66,66.0,66.0,66.0,0.0,66.0,66.0,66.0,0.0,66,66,66.0,0.0,0.0,20,20,20,0,0.0,0.0,0.0,0.0,0,0.0,0.0,0.0,0.0,0.0,0.0,0.0,0.0,0.0,0,0,0,0,1,0,0,0,0,0,0,1.0,66.0,501,265,0.0,0.0,0.0,0.0,0.0,0.0,0.0,0.0,0.0,0.0,0.0,0.0,0.0,0.0,66.0,66.0,0,1,1,66,66,BENIGN,0.96
192.168.100.214,172.217.170.202,51083,443,b4:69:21:61:a7:3d,c8:1f:be:4e:a4:a6,17,2023-03-22 18:12:24,90144072.29423523,125.18848675002319,1.4865092799736914,0.7765346984937194,0.7099745814799721,70,64,6180,5105,530.0,75.0,88.28571428571429,75.58819689742627,162.0,64.0,79.765625,25.85037607771645,530,64,84.21641791044776,57.63658171116447,3321.975551347738,560,512,8,70,677774.979655904,6411407.470703125,0.476837158203125,1544566.0362899078,90144072.29423523,6516616.106033325,2034.4257354736328,1306435.830351235,1992892.2995521508,89849930.52482605,6494207.382202148,0.476837158203125,1426189.3734099374,2031405.8081393645,0,0,0,0,1,0,0,0,0,0,0,0.9142857142857143,84.21641791044776,0,0,4803530.216217041,4796586.036682129,4799853.622913361,3072.1245647210117,6411407.470703125,1598374.843597412,2845225.1222398547,1468481.6686099758,0.0,0.0,0.0,0.0,0.0,0.0,88.28571428571429,79.765625,0,70,64,6180,5105,BENIGN,0.95
13.107.42.14,192.168.100.214,443,39744,c8:1f:be:4e:a4:a6,b4:69:21:61:a7:3d,6,2023-03-22 18:12:22,92965923.54774475,152.20630807516204,0.6023712545730795,0.32269888637843547,0.2796723681946441,30,26,4205,9945,1735.0,54.0,140.16666666666666,302.5287956909593,1466.0,54.0,382.5,516.6676695606478,1735,54,252.67857142857142,433.1004134288548,187575.96811224494,600,520,20,12,1690289.5190499045,15031527.280807495,0.2384185791015625,4275773.652317457,92965923.54774475,15031628.131866455,0.2384185791015625,3205721.5016463706,5476078.82215706,77965775.01296997,15063430.547714233,104.9041748046875,3118631.000518799,5348403.9105123,0,0,0,0,1,0,0,0,0,0,0,0.8666666666666667,252.67857142857142,16385,9335,13675309.419631958,13173375.606536865,13424342.513084412,250966.9065475464,13402419.567108154,2041761.1598968506,6943152.7853012085,4047186.6215922674,0.0,0.0,0.0,0.0,0.0,0.0,140.16666666666666,382.5,0,30,26,4205,9945,BENIGN,0.98
192.168.100.214,52.84.97.164,43856,443,b4:69:21:61:a7:3d,c8:1f:be:4e:a4:a6,6,2023-03-22 18:13:16,0.0,0,0,0,0,1,0,66,0,66.0,66.0,66.0,0.0,0.0,0.0,0.0,0.0,66,66,66.0,0.0,0.0,20,0,20,0,0.0,0.0,0.0,0.0,0,0.0,0.0,0.0,0.0,0.0,0.0,0.0,0.0,0.0,0,0,0,0,1,0,0,0,0,0,0,0.0,66.0,501,0,0.0,0.0,0.0,0.0,0.0,0.0,0.0,0.0,0.0,0.0,0.0,0.0,0.0,0.0,66.0,0.0,0,1,0,66,0,BENIGN,0.95
192.168.100.123,239.255.255.250,48367,1900,da:94:86:4d:80:58,b4:69:21:61:a7:3d,17,2023-03-22 18:13:19,529772.7584838867,945.6884899740237,5.662805329185771,5.662805329185771,0.0,3,0,501,0,167.0,167.0,167.0,0.0,0.0,0.0,0.0,0.0,167,167,167.0,0.0,0.0,24,0,8,3,264886.37924194336,273952.0072937012,255820.75119018555,9065.628051757812,529772.7584838867,273952.0072937012,255820.75119018555,264886.37924194336,9065.628051757812,0.0,0.0,0.0,0.0,0.0,0,0,0,0,1,0,0,0,0,0,0,0.0,167.0,0,0,0.0,0.0,0.0,0.0,0.0,0.0,0.0,0.0,0.0,0.0,0.0,0.0,0.0,0.0,167.0,0.0,0,3,0,501,0,BENIGN,0.94
192.168.100.214,172.217.170.195,58356,443,b4:69:21:61:a7:3d,c8:1f:be:4e:a4:a6,17,2023-03-22 18:13:23,563933.1340789795,19445.56781170478,33.69193766390578,17.732598770476727,15.959338893429056,10,9,4105,6861,1292.0,75.0,410.5,484.41722719160185,1292.0,64.0,762.3333333333334,526.9092268439919,1292,64,577.1578947368421,534.6744472507886,285876.7645429363,80,72,8,10,31329.618559943305,173212.52822875977,0.476837158203125,49616.7174209457,457220.79277038574,286841.86935424805,149.72686767578125,50802.31030782064,86268.55955002521,448051.92947387695,192497.96867370605,0.476837158203125,56006.49118423462,62465.48864012151,0,0,0,0,1,0,0,0,0,0,0,0.9,577.1578947368421,0,0,0.0,0.0,0.0,0.0,0.0,0.0,0.0,0.0,0.0,0.0,0.0,0.0,0.0,0.0,410.5,762.3333333333334,0,10,9,4105,6861,BENIGN,0.98
192.168.100.214,192.168.100.1,50904,53,b4:69:21:61:a7:3d,c8:1f:be:4e:a4:a6,17,2023-03-22 18:13:26,72324.27597045898,2848.282920718642,27.653232239986814,13.826616119993407,13.826616119993407,1,1,80,126,80.0,80.0,80.0,0.0,126.0,126.0,126.0,0.0,126,80,103.0,23.0,529.0,8,8,8,1,0.0,0.0,0.0,0.0,0,0.0,0.0,0.0,0.0,0.0,0.0,0.0,0.0,0.0,0,0,0,0,1,0,0,0,0,0,0,1.0,103.0,0,0,0.0,0.0,0.0,0.0,0.0,0.0,0.0,0.0,0.0,0.0,0.0,0.0,0.0,0.0,80.0,126.0,0,1,1,80,126,BENIGN,0.99
192.168.100.214,216.58.223.67,40570,443,b4:69:21:61:a7:3d,c8:1f:be:4e:a4:a6,17,2023-03-22 18:13:26,599788.1889343262,14900.260066605875,35.012360008808706,18.339807623661702,16.672552385147,11,10,3947,4990,1292.0,75.0,358.8181818181818,471.0330654639126,1292.0,63.0,499.0,498.44498191876704,1292,63,425.57142857142856,489.31444475954333,239428.62585034018,88,80,8,11,29989.40944671631,196029.9015045166,0.2384185791015625,52522.0919509883,554372.0722198486,299882.6503753662,110.38780212402344,55437.20722198486,90782.53021592279,496259.6893310547,196029.9015045166,0.2384185791015625,55139.9654812283,65742.06770567378,0,0,0,0,1,0,0,0,0,0,0,0.9090909090909091,425.57142857142856,0,0,0.0,0.0,0.0,0.0,0.0,0.0,0.0,0.0,1990.0,4.0,3500.0,5.0,1495282.1497671085,17854.267005263824,358.8181818181818,499.0,0,11,10,3947,4990,BENIGN,0.99
192.168.100.214,192.168.100.1,44629,53,b4:69:21:61:a7:3d,c8:1f:be:4e:a4:a6,17,2023-03-22 18:13:27,81038.7134552002,2393.9175701160043,24.679562578515508,12.339781289257754,12.339781289257754,1,1,89,105,89.0,89.0,89.0,0.0,105.0,105.0,105.0,0.0,105,89,97.0,8.0,64.0,8,8,8,1,0.0,0.0,0.0,0.0,0,0.0,0.0,0.0,0.0,0.0,0.0,0.0,0.0,0.0,0,0,0,0,1,0,0,0,0,0,0,1.0,97.0,0,0,0.0,0.0,0.0,0.0,0.0,0.0,0.0,0.0,0.0,0.0,0.0,0.0,0.0,0.0,89.0,105.0,0,1,1,89,105,BENIGN,0.99
192.168.100.123,224.0.0.251,5353,5353,da:94:86:4d:80:58,b4:69:21:61:a7:3d,17,2023-03-22 18:12:28,100023550.03356934,7.13831892349723,0.05998587330669941,0.05998587330669941,0.0,6,0,714,0,119.0,119.0,119.0,0.0,0.0,0.0,0.0,0.0,119,119,119.0,0.0,0.0,48,0,8,6,20004710.006713867,20044760.22720337,19969454.526901245,31019.874172665273,100023550.03356934,20044760.22720337,19969454.526901245,20004710.006713867,31019.874172665273,0.0,0.0,0.0,0.0,0.0,0,0,0,0,1,0,0,0,0,0,0,0.0,119.0,0,0,0.0,0.0,0.0,0.0,20044760.22720337,55443.28689575195,10050101.75704956,9994658.470153809,0.0,0.0,0.0,0.0,0.0,0.0,119.0,0.0,0,6,0,714,0,BENIGN,0.93
192.168.100.214,216.58.223.106,56009,443,b4:69:21:61:a7:3d,c8:1f:be:4e:a4:a6,17,2023-03-22 18:13:27,608645.2007293701,25941.2215541653,44.360819682213126,21.358913180324837,23.001906501888286,13,14,7909,7880,1292.0,75.0,608.3846153846154,574.2005195803906,1292.0,64.0,562.8571428571429,523.8119696912593,1292,64,584.7777777777778,549.1224874040759,301535.5061728395,104,112,8,13,23409.430797283465,169734.71641540527,0.2384185791015625,38988.10078592688,560780.5252075195,243425.3692626953,106.33468627929688,46731.71043395996,71960.46490061954,506688.59481811523,169734.71641540527,0.2384185791015625,38976.04575523963,49754.880474757076,0,0,0,0,1,0,0,0,0,0,0,1.0769230769230769,584.7777777777778,0,0,0.0,0.0,0.0,0.0,0.0,0.0,0.0,0.0,3400.0,5.0,4768.0,6.0,1005757.3594752804,46619.34777247053,608.3846153846154,562.8571428571429,0,13,14,7909,7880,BENIGN,1.0
192.168.100.123,239.255.255.250,41520,1900,da:94:86:4d:80:58,b4:69:21:61:a7:3d,17,2023-03-22 18:13:29,595583.6772918701,841.1916227759232,5.03707558548457,5.03707558548457,0.0,3,0,501,0,167.0,167.0,167.0,0.0,0.0,0.0,0.0,0.0,167,167,167.0,0.0,0.0,24,0,8,3,297791.83864593506,378038.6447906494,217545.0325012207,80246.80614471436,595583.6772918701,378038.6447906494,217545.0325012207,297791.83864593506,80246.80614471436,0.0,0.0,0.0,0.0,0.0,0,0,0,0,1,0,0,0,0,0,0,0.0,167.0,0,0,0.0,0.0,0.0,0.0,0.0,0.0,0.0,0.0,0.0,0.0,0.0,0.0,0.0,0.0,167.0,0.0,0,3,0,501,0,BENIGN,0.94
192.168.100.1,239.255.255.250,46347,1900,c8:1f:be:4e:a4:a6,b4:69:21:61:a7:3d,17,2023-03-22 18:13:28,1806005.2394866943,386.48835824993876,2.2148329985669846,2.2148329985669846,0.0,4,0,698,0,175.0,174.0,174.5,0.5,0.0,0.0,0.0,0.0,175,174,174.5,0.5,0.25,32,0,8,4,602001.7464955648,1292619.9436187744,252644.77729797363,488351.99457288324,1806005.2394866943,1292619.9436187744,252644.77729797363,602001.7464955648,488351.99457288324,0.0,0.0,0.0,0.0,0.0,0,0,0,0,1,0,0,0,0,0,0,0.0,174.5,0,0,0.0,0.0,0.0,0.0,0.0,0.0,0.0,0.0,0.0,0.0,0.0,0.0,0.0,0.0,174.5,0.0,0,4,0,698,0,BENIGN,0.97
192.168.100.214,192.168.100.1,50288,53,b4:69:21:61:a7:3d,c8:1f:be:4e:a4:a6,17,2023-03-22 18:13:42,79269.8860168457,3834.9998375851924,25.230262089376268,12.615131044688134,12.615131044688134,1,1,88,216,88.0,88.0,88.0,0.0,216.0,216.0,216.0,0.0,216,88,152.0,64.0,4096.0,8,8,8,1,0.0,0.0,0.0,0.0,0,0.0,0.0,0.0,0.0,0.0,0.0,0.0,0.0,0.0,0,0,0,0,1,0,0,0,0,0,0,1.0,152.0,0,0,0.0,0.0,0.0,0.0,0.0,0.0,0.0,0.0,0.0,0.0,0.0,0.0,0.0,0.0,88.0,216.0,0,1,1,88,216,BENIGN,0.99
192.168.100.214,18.210.63.102,53274,443,b4:69:21:61:a7:3d,c8:1f:be:4e:a4:a6,6,2023-03-22 18:13:43,661140.6803131104,11356.13073520794,24.200598263629068,13.612836523291351,10.587761740337719,9,7,1059,6449,583.0,54.0,117.66666666666667,164.67071519989352,5585.0,66.0,921.2857142857143,1907.3513208699885,5585,54,469.25,1328.834616308591,1765801.4375,180,140,20,1,44068.17754109701,283090.11459350586,-82.73124694824219,84182.28550010054,661140.6803131104,283204.5555114746,67.71087646484375,82642.5850391388,101205.92073094194,377998.82888793945,310957.670211792,0.476837158203125,62999.80481465658,113278.98634908044,0,0,0,0,1,0,0,0,0,0,0,0.7777777777777778,469.25,64240,110,0.0,0.0,0.0,0.0,0.0,0.0,0.0,0.0,0.0,0.0,5979.0,4.0,0.0,20338802.608272508,117.66666666666667,921.2857142857143,0,9,7,1059,6449,BENIGN,0.96
192.168.100.214,18.210.63.102,53286,443,b4:69:21:61:a7:3d,c8:1f:be:4e:a4:a6,6,2023-03-22 18:13:43,831296.9207763672,10020.487014700382,26.464671587443988,13.232335793721994,13.232335793721994,11,11,1377,6953,583.0,66.0,125.18181818181819,149.149600421138,2866.0,66.0,632.0909090909091,861.851648755637,2866,66,378.6363636363636,668.3981900752483,446756.1404958678,220,220,20,2,39570.28616042364,276792.049407959,-190.25802612304688,95605.51269117478,831296.9207763672,276983.26110839844,48.87580871582031,83129.69207763672,124936.62287332125,556440.3533935547,279242.03872680664,0.2384185791015625,55644.03533935547,110120.46679490404,0,0,0,0,1,0,0,0,0,0,0,1.0,378.6363636363636,64240,110,0.0,0.0,0.0,0.0,0.0,0.0,0.0,0.0,0.0,0.0,5979.0,6.0,0.0,1263808.0741823313,125.18181818181819,632.0909090909091,0,11,11,1377,6953,BENIGN,0.99
192.168.100.214,18.210.63.102,53268,443,b4:69:21:61:a7:3d,c8:1f:be:4e:a4:a6,6,2023-03-22 18:13:42,1143782.377243042,9897.861888104964,28.851642284909797,14.862967237680804,13.988675047228993,17,16,3294,8027,1136.0,66.0,193.76470588235293,278.9304213075294,1466.0,66.0,501.6875,559.1812897833314,1466,66,343.06060606060606,464.0759433275876,215366.48117539028,340,320,20,5,35740.95666408539,278286.2186431885,-49.35264587402344,88888.66170681534,882697.8206634521,278336.0481262207,24.557113647460938,55168.61379146576,105252.44559879953,869846.5824127197,304259.5386505127,0.0,57989.772160847984,114378.2082921751,0,0,0,0,1,0,0,0,0,0,0,0.9411764705882353,343.06060606060606,64240,184,0.0,0.0,0.0,0.0,0.0,0.0,0.0,0.0,0.0,0.0,3298.0,5.5,0.0,902748.4560464661,193.76470588235293,501.6875,0,17,16,3294,8027,BENIGN,1.0
192.168.100.214,54.83.55.199,34618,443,b4:69:21:61:a7:3d,c8:1f:be:4e:a4:a6,6,2023-03-22 18:13:35,15141062.259674072,35.59855912062028,0.4623189496184452,0.1981366926936194,0.26418225692482583,3,4,198,341,66.0,66.0,66.0,0.0,112.0,66.0,85.25,19.967160539245434,112,66,77.0,17.84856937044055,318.57142857142856,60,80,20,0,2523510.376612345,14491173.028945923,0.7152557373046875,5354077.694752816,14797606.945037842,14797221.183776855,385.7612609863281,7398803.472518921,7398417.711257935,14835353.374481201,14491173.028945923,0.7152557373046875,4945117.791493733,6751542.674517828,0,0,0,0,1,0,0,0,0,0,0,1.3333333333333333,77.0,501,184,0.0,0.0,0.0,0.0,0.0,0.0,0.0,0.0,0.0,0.0,0.0,0.0,0.0,0.0,66.0,85.25,0,3,4,198,341,BENIGN,1.0
192.168.100.214,172.217.170.197,48902,443,b4:69:21:61:a7:3d,c8:1f:be:4e:a4:a6,6,2023-03-22 18:13:50,74907.54127502441,1762.172376147811,26.699581456785015,13.349790728392508,13.349790728392508,1,1,66,66,66.0,66.0,66.0,0.0,66.0,66.0,66.0,0.0,66,66,66.0,0.0,0.0,20,20,20,0,0.0,0.0,0.0,0.0,0,0.0,0.0,0.0,0.0,0.0,0.0,0.0,0.0,0.0,0,0,0,0,1,0,0,0,0,0,0,1.0,66.0,523,361,0.0,0.0,0.0,0.0,0.0,0.0,0.0,0.0,0.0,0.0,0.0,0.0,0.0,0.0,66.0,66.0,0,1,1,66,66,BENIGN,0.97
192.168.100.214,192.168.100.1,45215,53,b4:69:21:61:a7:3d,c8:1f:be:4e:a4:a6,17,2023-03-22 18:13:52,19365.310668945312,10224.46803900325,103.27745493942678,51.63872746971339,51.63872746971339,1,1,91,107,91.0,91.0,91.0,0.0,107.0,107.0,107.0,0.0,107,91,99.0,8.0,64.0,8,8,8,1,0.0,0.0,0.0,0.0,0,0.0,0.0,0.0,0.0,0.0,0.0,0.0,0.0,0.0,0,0,0,0,1,0,0,0,0,0,0,1.0,99.0,0,0,0.0,0.0,0.0,0.0,0.0,0.0,0.0,0.0,0.0,0.0,0.0,0.0,0.0,0.0,91.0,107.0,0,1,1,91,107,BENIGN,0.99
192.168.100.214,172.217.170.202,39620,443,b4:69:21:61:a7:3d,c8:1f:be:4e:a4:a6,17,2023-03-22 18:13:52,484604.5970916748,16611.480882169893,41.2707599557016,20.6353799778508,20.6353799778508,10,10,3720,4330,1292.0,75.0,372.0,478.2198239303762,1292.0,63.0,433.0,480.81930077732943,1292,63,402.5,480.4903224831901,230870.95,80,80,8,10,25505.505110088146,153672.456741333,0.2384185791015625,41722.492564283195,429785.49003601074,256966.59088134766,202.8942108154297,47753.943337334524,77755.81645844624,382922.887802124,153672.456741333,0.2384185791015625,42546.987533569336,52479.30313516299,0,0,0,0,1,0,0,0,0,0,0,1.0,402.5,0,0,0.0,0.0,0.0,0.0,0.0,0.0,0.0,0.0,1389.0,4.0,3522.0,5.0,50744.17733801357,22828.419413910924,372.0,433.0,0,10,10,3720,4330,BENIGN,0.99
192.168.100.214,192.168.100.1,53657,53,b4:69:21:61:a7:3d,c8:1f:be:4e:a4:a6,17,2023-03-22 18:13:54,18598.079681396484,8925.65269338256,107.5379842576212,53.7689921288106,53.7689921288106,1,1,75,91,75.0,75.0,75.0,0.0,91.0,91.0,91.0,0.0,91,75,83.0,8.0,64.0,8,8,8,1,0.0,0.0,0.0,0.0,0,0.0,0.0,0.0,0.0,0.0,0.0,0.0,0.0,0.0,0,0,0,0,1,0,0,0,0,0,0,1.0,83.0,0,0,0.0,0.0,0.0,0.0,0.0,0.0,0.0,0.0,0.0,0.0,0.0,0.0,0.0,0.0,75.0,91.0,0,1,1,75,91,BENIGN,0.99
192.168.100.214,172.217.170.195,40470,443,b4:69:21:61:a7:3d,c8:1f:be:4e:a4:a6,17,2023-03-22 18:13:54,385733.36601257324,22077.426404752383,49.256822650339984,23.332179150161043,25.924643500178938,9,10,3898,4618,1292.0,75.0,433.1111111111111,505.72268299806905,1292.0,64.0,461.8,479.8899457167237,1292,64,448.2105263157895,492.5038689612786,242560.06094182827,72,80,8,9,21429.631445142957,112589.12086486816,0.2384185791015625,37621.76566449005,359141.8266296387,214901.44729614258,174.2839813232422,44892.728328704834,74011.06945477077,272033.69140625,99990.3678894043,0.2384185791015625,30225.965711805555,41004.543819817045,0,0,0,0,1,0,0,0,0,0,0,1.1111111111111112,448.2105263157895,0,0,0.0,0.0,0.0,0.0,0.0,0.0,0.0,0.0,1389.0,4.0,3514.0,6.0,1202950.2903159198,35160.32008549863,433.1111111111111,461.8,0,9,10,3898,4618,BENIGN,0.99
192.168.100.214,108.177.15.188,59466,5228,b4:69:21:61:a7:3d,c8:1f:be:4e:a4:a6,6,2023-03-22 18:13:57,213789.9398803711,617.4284911341585,9.354977138396341,4.677488569198171,4.677488569198171,1,1,66,66,66.0,66.0,66.0,0.0,66.0,66.0,66.0,0.0,66,66,66.0,0.0,0.0,20,20,20,0,0.0,0.0,0.0,0.0,0,0.0,0.0,0.0,0.0,0.0,0.0,0.0,0.0,0.0,0,0,0,0,1,0,0,0,0,0,0,1.0,66.0,501,265,0.0,0.0,0.0,0.0,0.0,0.0,0.0,0.0,0.0,0.0,0.0,0.0,0.0,0.0,66.0,66.0,0,1,1,66,66,BENIGN,0.96
192.168.100.214,52.84.97.164,43856,443,b4:69:21:61:a7:3d,c8:1f:be:4e:a4:a6,6,2023-03-22 18:14:01,78341.96090698242,1684.920807084817,25.529103137648743,12.764551568824372,12.764551568824372,1,1,66,66,66.0,66.0,66.0,0.0,66.0,66.0,66.0,0.0,66,66,66.0,0.0,0.0,20,20,20,0,0.0,0.0,0.0,0.0,0,0.0,0.0,0.0,0.0,0.0,0.0,0.0,0.0,0.0,0,0,0,0,1,0,0,0,0,0,0,1.0,66.0,501,133,0.0,0.0,0.0,0.0,0.0,0.0,0.0,0.0,0.0,0.0,0.0,0.0,0.0,0.0,66.0,66.0,0,1,1,66,66,BENIGN,0.99
192.168.100.214,192.168.100.1,60487,53,b4:69:21:61:a7:3d,c8:1f:be:4e:a4:a6,17,2023-03-22 18:14:11,8423.089981079102,24694.02564465453,237.44255427552434,118.72127713776217,118.72127713776217,1,1,79,129,79.0,79.0,79.0,0.0,129.0,129.0,129.0,0.0,129,79,104.0,25.0,625.0,8,8,8,1,0.0,0.0,0.0,0.0,0,0.0,0.0,0.0,0.0,0.0,0.0,0.0,0.0,0.0,0,0,0,0,1,0,0,0,0,0,0,1.0,104.0,0,0,0.0,0.0,0.0,0.0,0.0,0.0,0.0,0.0,0.0,0.0,0.0,0.0,0.0,0.0,79.0,129.0,0,1,1,79,129,BENIGN,0.99
192.168.100.214,172.217.170.206,45201,443,b4:69:21:61:a7:3d,c8:1f:be:4e:a4:a6,17,2023-03-22 18:14:11,540135.6220245361,23075.685979166567,49.98744555820742,24.06802934284061,25.91941621536681,13,14,6513,5951,1292.0,75.0,501.0,547.8204366115149,1292.0,66.0,425.07142857142856,449.43829455470853,1292,66,461.6296296296296,500.67296549878176,250673.41838134432,104,112,8,13,20774.4470009437,206139.08767700195,0.2384185791015625,44715.949087473586,517461.53831481934,218868.25561523438,96.08268737792969,43121.794859568276,69932.18253082462,469008.207321167,224826.09748840332,0.2384185791015625,36077.55440932054,61791.08895957483,0,0,0,0,1,0,0,0,0,0,0,1.0769230769230769,461.6296296296296,0,0,0.0,0.0,0.0,0.0,0.0,0.0,0.0,0.0,4470.0,6.0,3498.0,5.0,2299023.7743715513,39713.1758305115,501.0,425.07142857142856,0,13,14,6513,5951,BENIGN,1.0
192.168.100.123,239.255.255.250,35296,1900,da:94:86:4d:80:58,b4:69:21:61:a7:3d,17,2023-03-22 18:14:12,631314.754486084,793.5819596166963,4.751987782135906,4.751987782135906,0.0,3,0,501,0,167.0,167.0,167.0,0.0,0.0,0.0,0.0,0.0,167,167,167.0,0.0,0.0,24,0,8,3,315657.377243042,322382.68852233887,308932.0659637451,6725.311279296875,631314.754486084,322382.68852233887,308932.0659637451,315657.377243042,6725.311279296875,0.0,0.0,0.0,0.0,0.0,0,0,0,0,1,0,0,0,0,0,0,0.0,167.0,0,0,0.0,0.0,0.0,0.0,0.0,0.0,0.0,0.0,0.0,0.0,0.0,0.0,0.0,0.0,167.0,0.0,0,3,0,501,0,BENIGN,0.93
192.168.100.214,239.255.255.250,41538,1900,b4:69:21:61:a7:3d,01:00:5e:7f:ff:fa,17,2023-03-22 18:14:17,3013254.165649414,285.40572839950045,1.327468504183723,1.327468504183723,0.0,4,0,860,0,215.0,215.0,215.0,0.0,0.0,0.0,0.0,0.0,215,215,215.0,0.0,0.0,32,0,8,4,1004418.0552164713,1008226.1562347412,1001205.2059173584,2897.030582816238,3013254.165649414,1008226.1562347412,1001205.2059173584,1004418.0552164713,2897.030582816238,0.0,0.0,0.0,0.0,0.0,0,0,0,0,1,0,0,0,0,0,0,0.0,215.0,0,0,0.0,0.0,0.0,0.0,1003822.8034973145,7020.9503173828125,505421.87690734863,498400.9265899658,0.0,0.0,0.0,0.0,0.0,0.0,215.0,0.0,0,4,0,860,0,BENIGN,0.95
192.168.100.214,172.217.170.195,48889,443,b4:69:21:61:a7:3d,c8:1f:be:4e:a4:a6,17,2023-03-22 18:14:25,348264.217376709,24656.56697286144,57.42766268280293,28.713831341401466,28.713831341401466,10,10,3971,4616,1292.0,75.0,397.1,491.7644659793955,1292.0,64.0,461.6,480.31181538662986,1292,64,429.35,487.14056236367753,237305.9275,80,80,8,10,18329.695651405735,149480.81970214844,0.2384185791015625,34355.93318836373,328603.50608825684,185689.21089172363,105.61943054199219,36511.500676472984,58018.11802672155,197005.5103302002,67467.68951416016,0.2384185791015625,21889.501147800023,25094.881777214803,0,0,0,0,1,0,0,0,0,0,0,1.0,429.35,0,0,0.0,0.0,0.0,0.0,0.0,0.0,0.0,0.0,0.0,0.0,0.0,0.0,0.0,0.0,397.1,461.6,0,10,10,3971,4616,BENIGN,0.99
192.168.100.214,172.217.170.195,45951,443,b4:69:21:61:a7:3d,c8:1f:be:4e:a4:a6,17,2023-03-22 18:14:26,317251.20544433594,35848.5635509917,72.49775447751772,37.82491537957446,34.67283909794326,12,11,5448,5925,1292.0,75.0,454.0,520.9667295838893,1292.0,64.0,538.6363636363636,516.574252821108,1292,64,494.4782608695652,520.5902059882499,271014.1625708884,96,88,8,12,14420.509338378906,126953.8402557373,0.2384185791015625,30135.936766837112,295368.1945800781,185090.5418395996,132.56072998046875,26851.654052734375,53196.42687813218,257772.44567871094,153063.77410888672,0.2384185791015625,25777.244567871094,46467.60537925104,0,0,0,0,1,0,0,0,0,0,0,0.9166666666666666,494.4782608695652,0,0,0.0,0.0,0.0,0.0,0.0,0.0,0.0,0.0,1389.0,4.0,2262.0,5.0,1532725.1397000789,1355359378.2857144,454.0,538.6363636363636,0,12,11,5448,5925,BENIGN,0.98
192.168.100.214,192.168.100.1,54904,53,b4:69:21:61:a7:3d,c8:1f:be:4e:a4:a6,17,2023-03-22 18:14:28,10055.065155029297,16509.09242661355,198.9047280314886,99.4523640157443,99.4523640157443,1,1,75,91,75.0,75.0,75.0,0.0,91.0,91.0,91.0,0.0,91,75,83.0,8.0,64.0,8,8,8,1,0.0,0.0,0.0,0.0,0,0.0,0.0,0.0,0.0,0.0,0.0,0.0,0.0,0.0,0,0,0,0,1,0,0,0,0,0,0,1.0,83.0,0,0,0.0,0.0,0.0,0.0,0.0,0.0,0.0,0.0,0.0,0.0,0.0,0.0,0.0,0.0,75.0,91.0,0,1,1,75,91,BENIGN,0.99
192.168.100.214,192.168.100.1,45706,53,b4:69:21:61:a7:3d,c8:1f:be:4e:a4:a6,17,2023-03-22 18:14:29,11483.192443847656,18984.267751847852,174.16759405365002,87.08379702682501,87.08379702682501,1,1,80,138,80.0,80.0,80.0,0.0,138.0,138.0,138.0,0.0,138,80,109.0,29.0,841.0,8,8,8,1,0.0,0.0,0.0,0.0,0,0.0,0.0,0.0,0.0,0.0,0.0,0.0,0.0,0.0,0,0,0,0,1,0,0,0,0,0,0,1.0,109.0,0,0,0.0,0.0,0.0,0.0,0.0,0.0,0.0,0.0,0.0,0.0,0.0,0.0,0.0,0.0,80.0,138.0,0,1,1,80,138,BENIGN,0.99
192.168.100.214,54.83.55.199,34620,443,b4:69:21:61:a7:3d,c8:1f:be:4e:a4:a6,6,2023-03-22 18:13:34,54651070.5947876,11.070231441316038,0.14638322567029471,0.0914895160439342,0.05489370962636052,5,3,330,275,66.0,66.0,66.0,0.0,112.0,66.0,91.66666666666667,19.154343864744856,112,66,75.625,17.087550292537546,291.984375,100,60,20,0,7807282.618113927,39831258.05854797,-92.26799011230469,14030705.484025313,54651070.5947876,39831258.05854797,4974.126815795898,13662767.6486969,16263603.160126498,5001.068115234375,4999.876022338867,1.1920928955078125,2500.5340576171875,2499.3419647216797,0,0,0,0,1,0,0,0,0,0,0,0.6,75.625,502,110,0.0,0.0,0.0,0.0,25060698.986053467,14770559.072494507,19915629.029273987,5145069.95677948,0.0,0.0,0.0,0.0,0.0,0.0,66.0,91.66666666666667,0,5,3,330,275,BENIGN,1.0
192.168.100.214,172.217.170.195,37837,443,b4:69:21:61:a7:3d,c8:1f:be:4e:a4:a6,17,2023-03-22 18:14:28,418289.6614074707,26500.77451759371,54.985819928250365,26.29756605264148,28.688253875608886,11,12,5095,5990,1292.0,75.0,463.1818181818182,522.1942895446654,1292.0,64.0,499.1666666666667,509.90502928377646,1292,64,481.95652173913044,516.1321433644572,266392.38941398857,88,96,8,11,19013.166427612305,191383.60023498535,0.2384185791015625,43149.48997732161,358520.5078125,281941.65229797363,164.27040100097656,35852.05078125,83047.0733933932,327314.8536682129,193454.02717590332,0.2384185791015625,29755.895788019352,54082.68325211024,0,0,0,0,1,0,0,0,0,0,0,1.0909090909090908,481.95652173913044,0,0,0.0,0.0,0.0,0.0,0.0,0.0,0.0,0.0,1389.0,4.0,2262.0,5.0,1221872.5369127516,1897503129.6,463.1818181818182,499.1666666666667,0,11,12,5095,5990,BENIGN,0.99
192.168.100.214,216.58.223.67,37859,443,b4:69:21:61:a7:3d,c8:1f:be:4e:a4:a6,17,2023-03-22 18:14:29,402064.32342529297,24384.158028439615,54.7176128749155,27.35880643745775,27.35880643745775,11,11,3834,5970,1292.0,75.0,348.54545454545456,464.9321287000078,1292.0,63.0,542.7272727272727,494.7772852339435,1292,63,445.6363636363636,489.805949094736,239909.86776859508,88,88,8,11,19145.92016310919,188286.30447387695,0.2384185791015625,43234.24433317981,402064.32342529297,189432.38258361816,235.08071899414062,40206.4323425293,65427.83996579895,298815.7272338867,188738.58451843262,0.2384185791015625,29881.572723388672,56931.22037750757,0,0,0,0,1,0,0,0,0,0,0,1.0,445.6363636363636,0,0,0.0,0.0,0.0,0.0,0.0,0.0,0.0,0.0,1874.0,4.0,3500.0,5.0,1471933.6509363295,49742.52594698446,348.54545454545456,542.7272727272727,0,11,11,3834,5970,BENIGN,0.99
192.168.100.214,192.168.100.1,47297,53,b4:69:21:61:a7:3d,c8:1f:be:4e:a4:a6,17,2023-03-22 18:14:29,184376.23977661133,932.8750830822547,10.847384687002961,5.4236923435014806,5.4236923435014806,1,1,78,94,78.0,78.0,78.0,0.0,94.0,94.0,94.0,0.0,94,78,86.0,8.0,64.0,8,8,8,1,0.0,0.0,0.0,0.0,0,0.0,0.0,0.0,0.0,0.0,0.0,0.0,0.0,0.0,0,0,0,0,1,0,0,0,0,0,0,1.0,86.0,0,0,0.0,0.0,0.0,0.0,0.0,0.0,0.0,0.0,0.0,0.0,0.0,0.0,0.0,0.0,78.0,94.0,0,1,1,78,94,BENIGN,0.99
192.168.100.1,239.255.255.250,46347,1900,c8:1f:be:4e:a4:a6,b4:69:21:61:a7:3d,17,2023-03-22 18:14:32,1913083.3148956299,364.8560387126057,2.090865551361637,2.090865551361637,0.0,4,0,698,0,175.0,174.0,174.5,0.5,0.0,0.0,0.0,0.0,175,174,174.5,0.5,0.25,32,0,8,4,637694.4382985433,1237592.4587249756,306890.01083374023,424939.4332979965,1913083.3148956299,1237592.4587249756,306890.01083374023,637694.4382985433,424939.4332979965,0.0,0.0,0.0,0.0,0.0,0,0,0,0,1,0,0,0,0,0,0,0.0,174.5,0,0,0.0,0.0,0.0,0.0,0.0,0.0,0.0,0.0,0.0,0.0,0.0,0.0,0.0,0.0,174.5,0.0,0,4,0,698,0,BENIGN,0.97
192.168.100.214,35.240.1.200,59158,443,b4:69:21:61:a7:3d,c8:1f:be:4e:a4:a6,6,2023-03-22 18:14:29,5831448.316574097,1520.891469584425,6.173423486868791,2.91522775768804,3.2581957291807506,17,19,2361,6508,583.0,54.0,138.88235294117646,139.37629233500186,2866.0,66.0,342.5263157894737,757.2991043953541,2866,54,246.36111111111111,567.6183260283356,322190.5640432099,340,380,20,7,166608.78998892647,4870910.64453125,-140.66696166992188,809262.7865662912,5831448.316574097,4972950.220108032,111.34147644042969,364465.51978588104,1192799.984284742,5632524.013519287,4870910.64453125,0.2384185791015625,312918.0007510715,1108201.4178585226,0,0,0,0,1,0,0,0,0,0,0,1.1176470588235294,246.36111111111111,64240,503,0.0,0.0,0.0,0.0,0.0,0.0,0.0,0.0,672.0,4.0,228.0,5.0,360062.8880940215,1113272.772991851,138.88235294117646,342.5263157894737,0,17,19,2361,6508,BENIGN,1.0
192.168.100.214,172.217.170.197,48902,443,b4:69:21:61:a7:3d,c8:1f:be:4e:a4:a6,6,2023-03-22 18:14:36,21366.83464050293,6177.798547183075,93.60300829065265,46.80150414532633,46.80150414532633,1,1,66,66,66.0,66.0,66.0,0.0,66.0,66.0,66.0,0.0,66,66,66.0,0.0,0.0,20,20,20,0,0.0,0.0,0.0,0.0,0,0.0,0.0,0.0,0.0,0.0,0.0,0.0,0.0,0.0,0,0,0,0,1,0,0,0,0,0,0,1.0,66.0,523,361,0.0,0.0,0.0,0.0,0.0,0.0,0.0,0.0,0.0,0.0,0.0,0.0,0.0,0.0,66.0,66.0,0,1,1,66,66,BENIGN,0.96
35.201.127.49,192.168.100.214,443,58260,c8:1f:be:4e:a4:a6,b4:69:21:61:a7:3d,6,2023-03-22 18:13:50,90002428.77006531,253.7709294307017,3.0443622882667367,2.0110568400594135,1.033305448207323,181,93,14142,8698,90.0,66.0,78.13259668508287,11.966070282620262,94.0,66.0,93.52688172043011,3.310431209444104,94,66,83.35766423357664,12.306153719246053,151.44141936171346,3620,1860,20,91,329678.90313256794,1521713.4952545166,-88.21487426757812,441499.5997821599,90001993.65615845,1521713.4952545166,1.430511474609375,500011.07586754696,458965.6480490223,89045489.54963684,1574308.156967163,222.68295288085938,967885.7559743135,190608.96027667852,0,0,0,0,1,0,0,0,0,0,0,0.5138121546961326,83.35766423357664,269,501,498122.6921081543,3809.9288940429688,112645.91217041016,192943.6111486807,1070476.5319824219,6682.872772216797,177184.27181243896,326734.7866980038,0.0,0.0,0.0,0.0,0.0,0.0,78.13259668508287,93.52688172043011,0,181,93,14142,8698,BENIGN,0.88
35.201.127.49,192.168.100.214,443,45994,c8:1f:be:4e:a4:a6,b4:69:21:61:a7:3d,6,2023-03-22 18:13:50,90062646.86584473,253.15711666749436,3.0423267529339237,2.020815580415964,1.0215111725179598,182,92,14196,8604,90.0,66.0,78.0,12.0,94.0,66.0,93.52173913043478,3.328004562306019,94,66,83.21167883211679,12.373406057892609,153.10117747349352,3640,1840,20,91,329899.8053693946,1502871.5133666992,94.65217590332031,443660.0852550026,90062646.86584473,1502871.5133666992,8067.131042480469,497583.6843416836,462027.5387208392,89064713.95492554,1519212.7227783203,429.1534423828125,978733.1203837971,191241.58800386294,0,0,0,0,1,0,0,0,0,0,0,0.5054945054945055,83.21167883211679,268,501,501882.79151916504,20571.94709777832,109487.32495307922,153833.74584273377,1105515.718460083,7099.628448486328,173333.72433980307,300956.65966538695,0.0,0.0,0.0,0.0,0.0,0.0,78.0,93.52173913043478,0,182,92,14196,8604,BENIGN,0.87
172.217.170.174,192.168.100.214,443,49771,c8:1f:be:4e:a4:a6,b4:69:21:61:a7:3d,17,2023-03-22 18:13:50,90306282.04345703,187.838538096797,2.0375105234811444,1.0409021152566715,0.9966084082244727,94,90,8523,8440,673.0,66.0,90.67021276595744,88.56124077744076,490.0,75.0,93.77777777777777,79.40120035165685,673,66,92.19021739130434,84.21970305434137,7092.958382561436,752,720,8,94,493476.9510571422,12179551.839828491,0.2384185791015625,1499939.004585678,89497408.86688232,12179551.839828491,0.2384185791015625,962337.7297514229,2010864.9124437086,87104141.71218872,12202671.527862549,1327.0378112792969,978698.2214852666,2037180.0458786318,0,0,0,0,1,0,0,0,0,0,0,0.9574468085106383,92.19021739130434,0,0,7994274.377822876,1598739.6240234375,4798133.770624797,2610967.14340403,5779121.160507202,1598123.0735778809,2952661.46130032,1236711.4476954488,511.5,4.0,0.0,0.0,1201.024855616075,0.0,90.67021276595744,93.77777777777777,0,94,90,8523,8440,BENIGN,0.93
35.201.127.49,192.168.100.214,443,58264,c8:1f:be:4e:a4:a6,b4:69:21:61:a7:3d,6,2023-03-22 18:13:51,90048082.11326599,252.46512159364246,3.0317136533414444,2.010037257343595,1.0216763959978494,181,92,14130,8604,90.0,66.0,78.06629834254143,11.999816854009742,94.0,66.0,93.52173913043478,3.3280045623060195,94,66,83.27472527472527,12.352039413464432,152.57287767177874,3620,1840,20,91,331059.12541641906,1474114.4180297852,24.318695068359375,443454.6400638299,90047629.83322144,1474114.4180297852,8207.321166992188,500264.61018456356,461019.58228856034,89154502.86865234,1531083.106994629,356.91261291503906,979719.8117434323,188572.1965064564,0,0,0,0,1,0,0,0,0,0,0,0.5082872928176796,83.27472527472527,269,501,472618.10302734375,2011.5375518798828,206759.4051361084,170253.5750876298,1014686.5844726562,7220.745086669922,220033.6456298828,286993.3713547917,0.0,0.0,0.0,0.0,0.0,0.0,78.06629834254143,93.52173913043478,0,181,92,14130,8604,BENIGN,0.87
192.168.100.214,18.210.63.102,53268,443,b4:69:21:61:a7:3d,c8:1f:be:4e:a4:a6,6,2023-03-22 18:14:29,14116904.497146606,47.53166674291992,0.6375335330644997,0.2833482369175554,0.3541852961469443,4,5,264,407,66.0,66.0,66.0,0.0,112.0,66.0,81.4,19.44839324982915,112,66,74.55555555555556,16.391807649697803,268.6913580246914,80,100,20,0,1764539.748430252,13589054.822921753,-349.0447998046875,4470641.073738278,13877430.438995361,13875816.106796265,111.81831359863281,4625810.146331787,6540741.965301277,13830380.916595459,13589054.822921753,0.2384185791015625,3457595.2291488647,5850230.550140367,0,0,0,0,1,0,0,0,0,0,0,1.25,74.55555555555556,501,184,0.0,0.0,0.0,0.0,0.0,0.0,0.0,0.0,0.0,0.0,0.0,0.0,0.0,0.0,66.0,81.4,0,4,5,264,407,BENIGN,1.0
192.168.100.214,108.177.15.188,59466,5228,b4:69:21:61:a7:3d,c8:1f:be:4e:a4:a6,6,2023-03-22 18:14:44,197520.49446105957,668.2850828222452,10.125531557912804,5.062765778956402,5.062765778956402,1,1,66,66,66.0,66.0,66.0,0.0,66.0,66.0,66.0,0.0,66,66,66.0,0.0,0.0,20,20,20,0,0.0,0.0,0.0,0.0,0,0.0,0.0,0.0,0.0,0.0,0.0,0.0,0.0,0.0,0,0,0,0,1,0,0,0,0,0,0,1.0,66.0,501,265,0.0,0.0,0.0,0.0,0.0,0.0,0.0,0.0,0.0,0.0,0.0,0.0,0.0,0.0,66.0,66.0,0,1,1,66,66,BENIGN,0.96
192.168.100.214,13.107.42.14,39744,443,b4:69:21:61:a7:3d,c8:1f:be:4e:a4:a6,6,2023-03-22 18:13:55,90163840.77072144,95.8033722406043,0.6543643160680312,0.32163669772835435,0.3327276183396769,29,30,5532,3106,996.0,54.0,190.75862068965517,255.30774603271325,349.0,54.0,103.53333333333333,80.69974528391577,996,54,146.40677966101694,193.00664067297456,37251.563343866714,580,600,20,21,1554548.978805542,14944074.630737305,0.476837158203125,4131468.7830679826,75072422.26600647,15015794.038772583,186.44332885742188,2681157.9380716598,5064843.574260394,89970971.10748291,14944074.630737305,0.476837158203125,3102447.279568376,5430962.233302187,0,0,0,0,1,0,0,0,0,0,0,1.0344827586206897,146.40677966101694,9335,16382,8498064.279556274,1496209.3830108643,4997136.831283569,3500927.448272705,14820645.332336426,593881.368637085,4987669.658660889,5240581.057354065,1783.0,5.0,0.0,0.0,2640.8660283245904,0.0,190.75862068965517,103.53333333333333,0,29,30,5532,3106,BENIGN,0.98
192.168.100.72,239.255.255.250,52722,1900,34:f3:9a:0b:3d:d0,b4:69:21:61:a7:3d,17,2023-03-22 18:14:42,3019262.3138427734,283.5129614526682,1.3248269226760196,1.3248269226760196,0.0,4,0,856,0,214.0,214.0,214.0,0.0,0.0,0.0,0.0,0.0,214,214,214.0,0.0,0.0,32,0,8,4,1006420.7712809244,1024038.3148193359,981201.171875,18295.694283409222,3019262.3138427734,1024038.3148193359,981201.171875,1006420.7712809244,18295.694283409222,0.0,0.0,0.0,0.0,0.0,0,0,0,0,1,0,0,0,0,0,0,0.0,214.0,0,0,0.0,0.0,0.0,0.0,0.0,0.0,0.0,0.0,0.0,0.0,0.0,0.0,0.0,0.0,214.0,0.0,0,4,0,856,0,BENIGN,0.96
192.168.100.214,52.84.97.164,43856,443,b4:69:21:61:a7:3d,c8:1f:be:4e:a4:a6,6,2023-03-22 18:14:46,59829.9503326416,2206.252876128235,33.428073880730835,16.714036940365418,16.714036940365418,1,1,66,66,66.0,66.0,66.0,0.0,66.0,66.0,66.0,0.0,66,66,66.0,0.0,0.0,20,20,20,0,0.0,0.0,0.0,0.0,0,0.0,0.0,0.0,0.0,0.0,0.0,0.0,0.0,0.0,0,0,0,0,1,0,0,0,0,0,0,1.0,66.0,501,133,0.0,0.0,0.0,0.0,0.0,0.0,0.0,0.0,0.0,0.0,0.0,0.0,0.0,0.0,66.0,66.0,0,1,1,66,66,BENIGN,0.99
192.168.100.214,192.168.100.1,56199,53,b4:69:21:61:a7:3d,c8:1f:be:4e:a4:a6,17,2023-03-22 18:14:46,20118.47496032715,8350.533543486246,99.41111361293152,49.70555680646576,49.70555680646576,1,1,76,92,76.0,76.0,76.0,0.0,92.0,92.0,92.0,0.0,92,76,84.0,8.0,64.0,8,8,8,1,0.0,0.0,0.0,0.0,0,0.0,0.0,0.0,0.0,0.0,0.0,0.0,0.0,0.0,0,0,0,0,1,0,0,0,0,0,0,1.0,84.0,0,0,0.0,0.0,0.0,0.0,0.0,0.0,0.0,0.0,0.0,0.0,0.0,0.0,0.0,0.0,76.0,92.0,0,1,1,76,92,BENIGN,0.99
192.168.100.214,18.210.63.102,53286,443,b4:69:21:61:a7:3d,c8:1f:be:4e:a4:a6,6,2023-03-22 18:14:29,16963296.65184021,31.77448411488626,0.41265563785566567,0.17685241622385672,0.23580322163180897,3,4,198,341,66.0,66.0,66.0,0.0,112.0,66.0,85.25,19.967160539245434,112,66,77.0,17.84856937044055,318.57142857142856,60,80,20,0,2827216.108640035,13589053.869247437,0.2384185791015625,4933736.446230506,16963296.65184021,13919786.45324707,3043510.1985931396,8481648.325920105,5438138.127326965,13589054.822921753,13589053.869247437,0.2384185791015625,4529684.940973918,6405941.202452913,0,0,0,0,1,0,0,0,0,0,0,1.3333333333333333,77.0,501,110,0.0,0.0,0.0,0.0,0.0,0.0,0.0,0.0,0.0,0.0,0.0,0.0,0.0,0.0,66.0,85.25,0,3,4,198,341,BENIGN,1.0
192.168.100.214,216.58.223.99,46318,443,b4:69:21:61:a7:3d,c8:1f:be:4e:a4:a6,17,2023-03-22 18:14:46,365853.07121276855,33406.85362975147,60.133429868641166,27.33337721301871,32.80005265562245,10,12,4970,7252,1292.0,75.0,497.0,538.4473976165174,1292.0,63.0,604.3333333333334,516.6809675440177,1292,63,555.5454545454545,529.3909645889603,280254.7933884298,80,96,8,10,17421.574819655645,174498.5580444336,0.2384185791015625,40507.524453650105,331971.8837738037,179742.33627319336,177.86026000976562,36885.76486375597,63542.81487090192,324775.21896362305,175591.23039245605,0.2384185791015625,29525.019905783913,54174.10982984636,0,0,0,0,1,0,0,0,0,0,0,1.2,555.5454545454545,0,0,0.0,0.0,0.0,0.0,0.0,0.0,0.0,0.0,1872.0,4.0,3492.0,5.0,1150606.2555685814,1464650956.8,497.0,604.3333333333334,0,10,12,4970,7252,BENIGN,0.99
192.168.100.214,192.168.100.1,52896,53,b4:69:21:61:a7:3d,c8:1f:be:4e:a4:a6,17,2023-03-22 18:14:46,191656.82792663574,897.437372102599,10.43531828026278,5.21765914013139,5.21765914013139,1,1,78,94,78.0,78.0,78.0,0.0,94.0,94.0,94.0,0.0,94,78,86.0,8.0,64.0,8,8,8,1,0.0,0.0,0.0,0.0,0,0.0,0.0,0.0,0.0,0.0,0.0,0.0,0.0,0.0,0,0,0,0,1,0,0,0,0,0,0,1.0,86.0,0,0,0.0,0.0,0.0,0.0,0.0,0.0,0.0,0.0,0.0,0.0,0.0,0.0,0.0,0.0,78.0,94.0,0,1,1,78,94,BENIGN,0.99
172.217.170.202,192.168.100.214,443,51083,c8:1f:be:4e:a4:a6,b4:69:21:61:a7:3d,17,2023-03-22 18:13:55,94200714.11132812,104.06502851363351,1.295106954877414,0.6369378466610233,0.6581691082163906,60,62,4687,5116,162.0,64.0,78.11666666666666,23.47984360159913,534.0,75.0,82.51612903225806,57.809961730987055,534,64,80.35245901639344,44.4337639548929,1974.35937919914,480,496,8,60,778518.2984407283,6406228.303909302,0.0,1654908.524788569,87798375.1296997,6473339.319229126,0.0,1488108.0530457578,2020663.312922599,93793896.91352844,6617675.542831421,1048.0880737304688,1537604.8674348926,2113560.693077446,0,0,0,0,1,0,0,0,0,0,0,1.0333333333333334,80.35245901639344,0,0,4800249.338150024,4792294.74067688,4795230.388641357,3188.691719158608,3201567.4114227295,1592479.944229126,2325750.957835804,796794.2529931741,0.0,0.0,0.0,0.0,0.0,0.0,78.11666666666666,82.51612903225806,0,60,62,4687,5116,BENIGN,0.91
192.168.100.214,192.168.100.1,45402,53,b4:69:21:61:a7:3d,c8:1f:be:4e:a4:a6,17,2023-03-22 18:14:50,20686.38801574707,8217.964386561402,96.6819339595459,48.34096697977295,48.34096697977295,1,1,77,93,77.0,77.0,77.0,0.0,93.0,93.0,93.0,0.0,93,77,85.0,8.0,64.0,8,8,8,1,0.0,0.0,0.0,0.0,0,0.0,0.0,0.0,0.0,0.0,0.0,0.0,0.0,0.0,0,0,0,0,1,0,0,0,0,0,0,1.0,85.0,0,0,0.0,0.0,0.0,0.0,0.0,0.0,0.0,0.0,0.0,0.0,0.0,0.0,0.0,0.0,77.0,93.0,0,1,1,77,93,BENIGN,0.99
192.168.100.214,216.58.196.163,40219,443,b4:69:21:61:a7:3d,c8:1f:be:4e:a4:a6,17,2023-03-22 18:14:50,1483122.8256225586,7747.841110311626,15.507818774446731,7.416782892126697,8.091035882320034,11,12,3918,7573,1292.0,75.0,356.1818181818182,460.81150123387926,1292.0,63.0,631.0833333333334,555.0835460140712,1292,63,499.60869565217394,530.2560283264676,281171.4555765595,88,96,8,11,67414.67389193448,451910.49575805664,0.2384185791015625,149662.08149798945,1031212.329864502,455011.12937927246,305.6526184082031,103121.2329864502,175927.55069133273,1024444.8184967041,482222.318649292,0.2384185791015625,93131.34713606401,171644.8240946842,0,0,0,0,1,0,0,0,0,0,0,1.0909090909090908,499.60869565217394,0,0,0.0,0.0,0.0,0.0,0.0,0.0,0.0,0.0,0.0,0.0,1113.0,4.0,0.0,778043392.0,356.1818181818182,631.0833333333334,0,11,12,3918,7573,BENIGN,0.99
192.168.100.214,34.86.82.41,37084,443,b4:69:21:61:a7:3d,c8:1f:be:4e:a4:a6,6,2023-03-22 18:14:46,5900863.170623779,1488.08737740512,5.931335634800045,2.711467718765735,3.21986791603431,16,19,2295,6486,583.0,54.0,143.4375,142.43286521638888,2866.0,66.0,341.36842105263156,684.1217351293951,2866,54,250.88571428571427,522.556888027026,273065.70122448984,320,380,20,7,173551.22986961814,4757228.374481201,-121.35505676269531,801800.8680512839,5900863.170623779,4986621.856689453,123.50082397460938,393390.87804158527,1231367.5405782603,5679328.441619873,4757228.374481201,0.2384185791015625,315518.2467566596,1081442.1085244894,0,0,0,0,1,0,0,0,0,0,0,1.1875,250.88571428571427,64240,503,0.0,0.0,0.0,0.0,0.0,0.0,0.0,0.0,672.0,4.0,241.0,5.0,427315.38629472407,1326544.965879265,143.4375,341.36842105263156,0,16,19,2295,6486,BENIGN,1.0
192.168.100.214,192.168.100.1,38965,53,b4:69:21:61:a7:3d,c8:1f:be:4e:a4:a6,17,2023-03-22 18:14:53,9977.579116821289,19844.49310616741,200.44942531482235,100.22471265741117,100.22471265741117,1,1,91,107,91.0,91.0,91.0,0.0,107.0,107.0,107.0,0.0,107,91,99.0,8.0,64.0,8,8,8,1,0.0,0.0,0.0,0.0,0,0.0,0.0,0.0,0.0,0.0,0.0,0.0,0.0,0.0,0,0,0,0,1,0,0,0,0,0,0,1.0,99.0,0,0,0.0,0.0,0.0,0.0,0.0,0.0,0.0,0.0,0.0,0.0,0.0,0.0,0.0,0.0,91.0,107.0,0,1,1,91,107,BENIGN,0.99
192.168.100.214,172.217.170.202,34617,443,b4:69:21:61:a7:3d,c8:1f:be:4e:a4:a6,17,2023-03-22 18:14:53,387278.79524230957,27468.583693935783,56.80662166446581,28.403310832232904,28.403310832232904,11,11,5017,5621,1292.0,75.0,456.09090909090907,526.8992407636923,1292.0,63.0,511.0,521.2833813161164,1292,63,483.54545454545456,524.817433821491,275433.33884297515,88,88,8,11,18441.84739249093,172547.1019744873,0.2384185791015625,39413.901762248715,387278.79524230957,173334.12170410156,122.30873107910156,38727.87952423096,56740.12369377054,335728.88374328613,203065.3953552246,0.2384185791015625,33572.88837432861,63513.534700016346,0,0,0,0,1,0,0,0,0,0,0,1.0,483.54545454545456,0,0,0.0,0.0,0.0,0.0,0.0,0.0,0.0,0.0,0.0,0.0,3522.0,5.0,0.0,3598620.874056029,456.09090909090907,511.0,0,11,11,5017,5621,BENIGN,0.99
192.168.100.214,192.168.100.1,53713,53,b4:69:21:61:a7:3d,c8:1f:be:4e:a4:a6,17,2023-03-22 18:14:56,11554.956436157227,14366.129454245332,173.0858970391004,86.5429485195502,86.5429485195502,1,1,75,91,75.0,75.0,75.0,0.0,91.0,91.0,91.0,0.0,91,75,83.0,8.0,64.0,8,8,8,1,0.0,0.0,0.0,0.0,0,0.0,0.0,0.0,0.0,0.0,0.0,0.0,0.0,0.0,0,0,0,0,1,0,0,0,0,0,0,1.0,83.0,0,0,0.0,0.0,0.0,0.0,0.0,0.0,0.0,0.0,0.0,0.0,0.0,0.0,0.0,0.0,75.0,91.0,0,1,1,75,91,BENIGN,0.99
192.168.100.214,172.217.170.195,43512,443,b4:69:21:61:a7:3d,c8:1f:be:4e:a4:a6,17,2023-03-22 18:14:56,386622.66731262207,31684.63992333559,75.00853532871282,38.79751827347216,36.211017055240674,15,14,5648,6602,1292.0,75.0,376.53333333333336,488.49372110146476,1292.0,64.0,471.57142857142856,486.4468425349731,1292,64,422.41379310344826,489.81435732054297,239918.10463733654,120,112,8,15,13807.952404022217,202411.65161132812,0.0,40327.17473906956,386622.66731262207,202411.65161132812,80.82389831542969,27615.904808044434,57892.12913840054,344514.8468017578,211874.00817871094,0.0,26501.14206167368,59633.32069496265,0,0,0,0,1,0,0,0,0,0,0,0.9333333333333333,422.41379310344826,0,0,0.0,0.0,0.0,0.0,0.0,0.0,0.0,0.0,1502.0,5.0,3512.0,6.0,1261230.1517517518,15077170.571136132,376.53333333333336,471.57142857142856,0,15,14,5648,6602,BENIGN,0.98
192.168.100.214,192.168.100.1,47025,53,b4:69:21:61:a7:3d,c8:1f:be:4e:a4:a6,17,2023-03-22 18:15:12,109480.14259338379,2100.837599876305,18.26815304240265,9.134076521201324,9.134076521201324,1,1,75,155,75.0,75.0,75.0,0.0,155.0,155.0,155.0,0.0,155,75,115.0,40.0,1600.0,8,8,8,1,0.0,0.0,0.0,0.0,0,0.0,0.0,0.0,0.0,0.0,0.0,0.0,0.0,0.0,0,0,0,0,1,0,0,0,0,0,0,1.0,115.0,0,0,0.0,0.0,0.0,0.0,0.0,0.0,0.0,0.0,0.0,0.0,0.0,0.0,0.0,0.0,75.0,155.0,0,1,1,75,155,BENIGN,0.99
192.168.100.214,172.217.170.195,55769,443,b4:69:21:61:a7:3d,c8:1f:be:4e:a4:a6,17,2023-03-22 18:15:27,362503.0517578125,27042.530959296208,55.17194932020036,27.58597466010018,27.58597466010018,10,10,5187,4616,1292.0,75.0,518.7,544.8036435267297,1292.0,64.0,461.6,479.7985410565564,1292,64,490.15,514.1244280327477,264323.9275,80,80,8,10,19079.10798725329,137092.11349487305,0.2384185791015625,35836.109395183455,333648.2048034668,137092.11349487305,118.01719665527344,37072.02275594076,48896.36607099751,163270.4734802246,84452.62908935547,0.2384185791015625,18141.163720024957,30070.750647492714,0,0,0,0,1,0,0,0,0,0,0,1.0,490.15,0,0,0.0,0.0,0.0,0.0,0.0,0.0,0.0,0.0,2349.5,4.0,3512.0,6.0,33793.134215552804,10366217.908515131,518.7,461.6,0,10,10,5187,4616,BENIGN,0.98
192.168.100.123,224.0.0.251,5353,5353,da:94:86:4d:80:58,b4:69:21:61:a7:3d,17,2023-03-22 18:14:28,100038692.47436523,7.137238425851692,0.05997679349455203,0.05997679349455203,0.0,6,0,714,0,119.0,119.0,119.0,0.0,0.0,0.0,0.0,0.0,119,119,119.0,0.0,0.0,48,0,8,6,20007738.494873047,20279903.650283813,19732278.58543396,173446.41428343774,100038692.47436523,20279903.650283813,19732278.58543396,20007738.494873047,173446.41428343774,0.0,0.0,0.0,0.0,0.0,0,0,0,0,1,0,0,0,0,0,0,0.0,119.0,0,0,0.0,0.0,0.0,0.0,20010476.3507843,287029.504776001,10148752.927780151,9861723.42300415,0.0,0.0,0.0,0.0,0.0,0.0,119.0,0.0,0,6,0,714,0,BENIGN,0.93
192.168.100.214,108.177.15.188,59466,5228,b4:69:21:61:a7:3d,c8:1f:be:4e:a4:a6,6,2023-03-22 18:15:29,378653.52630615234,348.6036464196934,5.281873430601415,2.6409367153007075,2.6409367153007075,1,1,66,66,66.0,66.0,66.0,0.0,66.0,66.0,66.0,0.0,66,66,66.0,0.0,0.0,20,20,20,0,0.0,0.0,0.0,0.0,0,0.0,0.0,0.0,0.0,0.0,0.0,0.0,0.0,0.0,0,0,0,0,1,0,0,0,0,0,0,1.0,66.0,501,265,0.0,0.0,0.0,0.0,0.0,0.0,0.0,0.0,0.0,0.0,0.0,0.0,0.0,0.0,66.0,66.0,0,1,1,66,66,BENIGN,0.96
192.168.100.214,192.168.100.1,44211,53,b4:69:21:61:a7:3d,c8:1f:be:4e:a4:a6,17,2023-03-22 18:15:32,332152.6050567627,656.3248238343493,6.021328659030728,3.010664329515364,3.010664329515364,1,1,80,138,80.0,80.0,80.0,0.0,138.0,138.0,138.0,0.0,138,80,109.0,29.0,841.0,8,8,8,1,0.0,0.0,0.0,0.0,0,0.0,0.0,0.0,0.0,0.0,0.0,0.0,0.0,0.0,0,0,0,0,1,0,0,0,0,0,0,1.0,109.0,0,0,0.0,0.0,0.0,0.0,0.0,0.0,0.0,0.0,0.0,0.0,0.0,0.0,0.0,0.0,80.0,138.0,0,1,1,80,138,BENIGN,0.99
192.168.100.214,172.217.170.197,48902,443,b4:69:21:61:a7:3d,c8:1f:be:4e:a4:a6,6,2023-03-22 18:15:21,15029951.810836792,50.03342721683234,0.5988043150950678,0.33266906394170437,0.2661352511533635,5,4,342,410,78.0,66.0,68.4,4.800000000000001,139.0,66.0,102.5,36.5,139,66,83.55555555555556,29.86678240718315,892.0246913580247,100,80,20,0,1878743.976354599,14642627.000808716,94.65217590332031,4824961.022136632,15029951.810836792,14896457.195281982,2539.6347045898438,3757487.952709198,6431138.33180731,14776214.122772217,14642627.000808716,63774.10888671875,4925404.707590739,6871114.220122297,0,0,0,0,1,0,0,0,0,0,0,0.8,83.55555555555556,523,361,0.0,0.0,0.0,0.0,0.0,0.0,0.0,0.0,0.0,0.0,0.0,0.0,0.0,0.0,68.4,102.5,0,5,4,342,410,BENIGN,0.98
192.168.100.1,239.255.255.250,46347,1900,c8:1f:be:4e:a4:a6,b4:69:21:61:a7:3d,17,2023-03-22 18:15:35,2048160.3145599365,340.79363565345267,1.952972124088554,1.952972124088554,0.0,4,0,698,0,175.0,174.0,174.5,0.5,0.0,0.0,0.0,0.0,175,174,174.5,0.5,0.25,32,0,8,4,682720.1048533121,972976.9229888916,461192.13104248047,214512.8727272863,2048160.3145599365,972976.9229888916,461192.13104248047,682720.1048533121,214512.8727272863,0.0,0.0,0.0,0.0,0.0,0,0,0,0,1,0,0,0,0,0,0,0.0,174.5,0,0,0.0,0.0,0.0,0.0,0.0,0.0,0.0,0.0,530.0,4.0,0.0,0.0,258.7688064417334,0.0,174.5,0.0,0,4,0,698,0,BENIGN,0.97
192.168.100.214,35.240.1.200,59170,443,b4:69:21:61:a7:3d,c8:1f:be:4e:a4:a6,6,2023-03-22 18:14:29,81271221.63772583,89.97034685406764,0.3199164412207,0.17226269911883849,0.14765374210186155,14,12,1513,5799,583.0,66.0,108.07142857142857,132.73736920578725,2866.0,66.0,483.25,924.1615231296602,2866,66,281.2307692307692,662.3118779462128,438657.02366863907,280,240,20,2,3250847.34916687,15667520.761489868,-37.90855407714844,5807733.223374259,81271221.63772583,15667558.193206787,28.848648071289062,6251632.433671217,6791567.831287985,71996959.20944214,15667589.18762207,0.2384185791015625,6545178.109949285,7200493.867765435,0,0,0,0,1,0,0,0,0,0,0,0.8571428571428571,281.2307692307692,64240,506,0.0,0.0,0.0,0.0,10052237.98751831,89842.7963256836,4108783.3046913147,3923434.6202324955,0.0,0.0,0.0,0.0,0.0,0.0,108.07142857142857,483.25,0,14,12,1513,5799,BENIGN,1.0
192.168.100.214,34.86.82.41,37100,443,b4:69:21:61:a7:3d,c8:1f:be:4e:a4:a6,6,2023-03-22 18:14:47,64079949.617385864,114.1074555092369,0.4057431404868927,0.2184770756467884,0.18726606484010433,14,12,1513,5799,583.0,66.0,108.07142857142857,132.73736920578725,2866.0,66.0,483.25,828.2961552689553,2866,66,281.2307692307692,600.931412167959,361118.56213017745,280,240,20,2,2563197.9846954346,15481167.793273926,0.7152557373046875,5150691.666135796,64079949.617385864,15481233.835220337,1137.7334594726562,4929226.893645067,6278809.288431929,57228043.79463196,15481266.498565674,0.7152557373046875,5202549.435875633,6729411.528840227,0,0,0,0,1,0,0,0,0,0,0,0.8571428571428571,281.2307692307692,64240,506,0.0,0.0,0.0,0.0,10006940.126419067,5474227.666854858,7006137.450536092,2122043.874325372,0.0,0.0,0.0,0.0,0.0,0.0,108.07142857142857,483.25,0,14,12,1513,5799,BENIGN,1.0
192.168.100.214,192.168.100.1,52205,53,b4:69:21:61:a7:3d,c8:1f:be:4e:a4:a6,17,2023-03-22 18:15:55,92318.05801391602,2144.75915394747,21.664233878257278,10.832116939128639,10.832116939128639,1,1,91,107,91.0,91.0,91.0,0.0,107.0,107.0,107.0,0.0,107,91,99.0,8.0,64.0,8,8,8,1,0.0,0.0,0.0,0.0,0,0.0,0.0,0.0,0.0,0.0,0.0,0.0,0.0,0.0,0,0,0,0,1,0,0,0,0,0,0,1.0,99.0,0,0,0.0,0.0,0.0,0.0,0.0,0.0,0.0,0.0,0.0,0.0,0.0,0.0,0.0,0.0,91.0,107.0,0,1,1,91,107,BENIGN,0.99
192.168.100.214,216.58.223.67,38118,443,b4:69:21:61:a7:3d,c8:1f:be:4e:a4:a6,17,2023-03-22 18:15:32,22382743.59703064,520.1328402629096,1.5637046391686853,0.7595136818819329,0.8041909572867525,17,18,5239,6403,1292.0,75.0,308.1764705882353,443.87667011220157,1292.0,63.0,355.72222222222223,445.02656669206664,1292,63,332.62857142857143,445.10320380875305,198116.86204081634,136,144,8,17,658315.98814796,21388981.580734253,0.0,3609171.709056317,22369961.738586426,21388981.580734253,175.47607421875,1398122.6086616516,5162097.684421958,22241161.584854126,21416132.21168518,0.0,1308303.622638478,5027954.437769616,0,0,0,0,1,0,0,0,0,0,0,1.0588235294117647,332.62857142857143,0,0,0.0,0.0,0.0,0.0,0.0,0.0,0.0,0.0,2480.0,4.0,3500.0,5.0,1447519.3320345115,173734.7361444785,308.1764705882353,355.72222222222223,0,17,18,5239,6403,BENIGN,1.0
192.168.100.214,172.217.170.202,52965,443,b4:69:21:61:a7:3d,c8:1f:be:4e:a4:a6,17,2023-03-22 18:15:55,423204.8988342285,25507.73875665474,56.710118588208786,28.355059294104393,28.355059294104393,12,12,3882,6913,1292.0,75.0,323.5,450.04786782444967,1292.0,63.0,576.0833333333334,544.1267404954679,1292,63,449.7916666666667,515.0321170540942,265258.0815972222,96,96,8,12,18400.212992792545,97470.04508972168,0.0,27718.643036387646,405912.1608734131,99102.02026367188,126.36184692382812,36901.10553394665,37142.10068677762,380724.6685028076,121188.16375732422,0.0,34611.33350025524,48210.07716620518,0,0,0,0,1,0,0,0,0,0,0,1.0,449.7916666666667,0,0,0.0,0.0,0.0,0.0,0.0,0.0,0.0,0.0,0.0,0.0,3522.0,5.0,0.0,7386169344.0,323.5,576.0833333333334,0,12,12,3882,6913,BENIGN,0.99
192.168.100.214,192.168.100.1,44100,53,b4:69:21:61:a7:3d,c8:1f:be:4e:a4:a6,17,2023-03-22 18:15:58,20146.13151550293,8239.795311187114,99.27464230345922,49.63732115172961,49.63732115172961,1,1,75,91,75.0,75.0,75.0,0.0,91.0,91.0,91.0,0.0,91,75,83.0,8.0,64.0,8,8,8,1,0.0,0.0,0.0,0.0,0,0.0,0.0,0.0,0.0,0.0,0.0,0.0,0.0,0.0,0,0,0,0,1,0,0,0,0,0,0,1.0,83.0,0,0,0.0,0.0,0.0,0.0,0.0,0.0,0.0,0.0,0.0,0.0,0.0,0.0,0.0,0.0,75.0,91.0,0,1,1,75,91,BENIGN,0.99
192.168.100.214,172.217.170.195,48769,443,b4:69:21:61:a7:3d,c8:1f:be:4e:a4:a6,17,2023-03-22 18:15:58,308146.23832702637,27873.129481089924,64.90424841329589,32.452124206647945,32.452124206647945,10,10,3973,4616,1292.0,75.0,397.3,491.652122948737,1292.0,64.0,461.6,479.544200256869,1292,64,429.45,486.69892901053316,236875.8475,80,80,8,10,16218.223069843492,99067.44956970215,0.2384185791015625,27625.812516004797,308146.23832702637,146426.91612243652,339.26963806152344,34238.47092522515,47579.77222147223,240343.57070922852,107273.81706237793,0.2384185791015625,26704.84118991428,41501.30961598722,0,0,0,0,1,0,0,0,0,0,0,1.0,429.45,0,0,0.0,0.0,0.0,0.0,0.0,0.0,0.0,0.0,0.0,0.0,1012.0,4.0,0.0,424463564.8,397.3,461.6,0,10,10,3973,4616,BENIGN,0.99
192.168.100.214,104.18.3.161,55980,443,b4:69:21:61:a7:3d,c8:1f:be:4e:a4:a6,17,2023-03-22 18:15:12,90043896.91352844,2301.955014219938,8.395904952070289,4.1202126153678265,4.275692336702462,371,385,52966,154311,1292.0,87.0,142.76549865229111,236.14147044880048,1242.0,65.0,400.8077922077922,433.7150054048251,1292,65,274.1759259259259,373.9009531330086,139801.9227537723,2968,3080,8,371,119263.43962056747,6403688.669204712,0.0,279317.53694284183,90043896.91352844,6776109.457015991,21.457672119140625,243361.88355007686,415997.26386481774,89902513.02719116,6494369.983673096,0.0,234121.12767497697,410721.05579235405,0,0,0,0,1,0,0,0,0,0,0,1.0377358490566038,274.1759259259259,0,0,0.0,0.0,0.0,0.0,3194615.125656128,1602267.0269012451,2134562.889734904,749572.4154044884,10281.5,12.5,1586.1666666666667,4.833333333333333,478846.6987868862,29616.663638016165,142.76549865229111,400.8077922077922,0,371,385,52966,154311,BENIGN,0.99
192.168.100.214,52.84.97.164,43856,443,b4:69:21:61:a7:3d,c8:1f:be:4e:a4:a6,6,2023-03-22 18:15:31,32712166.54777527,40.77993421963439,0.3668359899817186,0.1834179949908593,0.1834179949908593,6,6,534,800,130.0,66.0,89.0,24.725155880870265,431.0,66.0,133.33333333333334,133.8801288051699,431,66,111.16666666666667,98.78751045664741,9758.97222222222,120,120,20,3,2973815.8962943335,32384222.745895386,-191.68853759765625,9300666.779061673,32698584.07974243,32637745.141983032,100.85105895996094,6539716.815948486,13049033.897809293,32458644.151687622,32443625.2117157,0.2384185791015625,6491728.830337524,12975949.494071933,0,0,0,0,1,0,0,0,0,0,0,1.0,111.16666666666667,501,133,0.0,0.0,0.0,0.0,0.0,0.0,0.0,0.0,0.0,0.0,0.0,0.0,0.0,0.0,89.0,133.33333333333334,0,6,6,534,800,BENIGN,1.0
35.201.127.49,192.168.100.214,443,58260,c8:1f:be:4e:a4:a6,b4:69:21:61:a7:3d,6,2023-03-22 18:15:20,90817371.12998962,260.3686905466001,3.116143932364367,2.0480663301052022,1.0680776022591647,186,97,14544,9102,90.0,66.0,78.19354838709677,11.836028526491338,94.0,78.0,93.83505154639175,1.6161581808053955,94,66,83.5547703180212,12.16899568751064,148.08445604265253,3720,1940,20,92,322047.4153545731,1408720.2548980713,2.1457672119140625,430426.59195633745,90816833.97293091,1408720.2548980713,2.1457672119140625,490901.805259086,448980.58589607105,89694749.35531616,1446988.3441925049,1100.0633239746094,934320.3057845434,239426.4293387845,0,0,0,0,1,0,0,0,0,0,0,0.521505376344086,83.5547703180212,269,501,407490.73028564453,106507.0629119873,219136.47651672363,106361.52738224331,1122356.1763763428,13725.042343139648,255175.0659942627,304908.6109352413,0.0,0.0,0.0,0.0,0.0,0.0,78.19354838709677,93.83505154639175,0,186,97,14544,9102,BENIGN,0.88
192.168.100.1,192.168.100.214,60680,43685,c8:1f:be:4e:a4:a6,b4:69:21:61:a7:3d,6,2023-03-22 18:16:11,30213.83285522461,122625.9514227546,463.36391900636016,231.68195950318008,231.68195950318008,7,7,694,3011,290.0,66.0,99.14285714285714,77.9659789751339,1514.0,66.0,430.14285714285717,547.0378489311917,1514,66,264.64285714285717,424.32864741896475,180054.8010204081,140,140,20,1,2324.1409888634316,13969.42138671875,0.2384185791015625,4141.466092886586,30168.771743774414,14178.752899169922,0.2384185791015625,5028.128623962402,5459.473797021414,30004.501342773438,14202.83317565918,47.44529724121094,5000.750223795573,6407.80785825617,0,0,0,0,1,0,0,0,0,0,0,1.0,264.64285714285717,14600,508,0.0,0.0,0.0,0.0,0.0,0.0,0.0,0.0,0.0,0.0,0.0,0.0,0.0,0.0,99.14285714285714,430.14285714285717,0,7,7,694,3011,BENIGN,0.94
192.168.100.1,192.168.100.214,60682,43685,c8:1f:be:4e:a4:a6,b4:69:21:61:a7:3d,6,2023-03-22 18:16:11,57364.702224731445,64586.75555370836,244.05251761185346,122.02625880592673,122.02625880592673,7,7,694,3011,290.0,66.0,99.14285714285714,77.9659789751339,1514.0,66.0,430.14285714285717,547.0378489311917,1514,66,264.64285714285717,424.32864741896475,180054.8010204081,140,140,20,1,4412.669401902419,37872.0760345459,0.0,10349.57084396274,57331.32362365723,37872.0760345459,0.0,9555.220603942871,13572.575268641951,57299.85237121582,51414.25132751465,11.205673217773438,9549.975395202637,18821.635480417568,0,0,0,0,1,0,0,0,0,0,0,1.0,264.64285714285717,14600,508,0.0,0.0,0.0,0.0,0.0,0.0,0.0,0.0,0.0,0.0,0.0,0.0,0.0,0.0,99.14285714285714,430.14285714285717,0,7,7,694,3011,BENIGN,0.93
192.168.100.1,192.168.100.214,60684,43685,c8:1f:be:4e:a4:a6,b4:69:21:61:a7:3d,6,2023-03-22 18:16:12,14176.607131958008,261346.0305073914,987.5423554935168,493.7711777467584,493.7711777467584,7,7,694,3011,290.0,66.0,99.14285714285714,77.9659789751339,1514.0,66.0,430.14285714285717,547.0378489311917,1514,66,264.64285714285717,424.32864741896475,180054.8010204081,140,140,20,1,1090.5082409198467,6829.500198364258,0.0,2324.467540465805,14118.90983581543,7242.679595947266,0.0,2353.1516393025718,3328.391164325087,14133.214950561523,6885.528564453125,20.02716064453125,2355.5358250935874,2997.5503502858287,0,0,0,0,1,0,0,0,0,0,0,1.0,264.64285714285717,14600,508,0.0,0.0,0.0,0.0,0.0,0.0,0.0,0.0,0.0,0.0,0.0,0.0,0.0,0.0,99.14285714285714,430.14285714285717,0,7,7,694,3011,BENIGN,0.94
35.201.127.49,192.168.100.214,443,58264,c8:1f:be:4e:a4:a6,b4:69:21:61:a7:3d,6,2023-03-22 18:15:21,90708040.71426392,258.83041696333396,3.097851059148856,2.039510483781275,1.0583405753675805,185,96,14454,9024,90.0,66.0,78.12972972972973,11.83601615009596,94.0,94.0,94.0,0.0,94,66,83.55160142348754,12.201671576074707,148.88078925038943,3700,1920,20,91,323957.2882652283,1431495.189666748,143.0511474609375,422729.23846254847,90707897.66311646,1431495.189666748,7003.068923950195,492977.7046908503,436682.7466295191,89631067.75283813,1450497.3888397217,325605.6308746338,943484.9237140856,199399.30719099453,0,0,0,0,1,0,0,0,0,0,0,0.518918918918919,83.55160142348754,269,501,408436.77520751953,2692.699432373047,168501.8539428711,176874.2609153344,1076451.7784118652,8007.049560546875,171229.64425520462,305092.1028455694,0.0,0.0,0.0,0.0,0.0,0.0,78.12972972972973,94.0,0,185,96,14454,9024,BENIGN,0.85
192.168.100.1,192.168.100.214,60686,43685,c8:1f:be:4e:a4:a6,b4:69:21:61:a7:3d,6,2023-03-22 18:16:12,21923.065185546875,169000.0904819906,638.5968331303288,319.2984165651644,319.2984165651644,7,7,694,3011,290.0,66.0,99.14285714285714,77.9659789751339,1514.0,66.0,430.14285714285717,547.0378489311917,1514,66,264.64285714285717,424.32864741896475,180054.8010204081,140,140,20,1,1686.389629657452,11296.510696411133,0.2384185791015625,3222.451432026332,21803.617477416992,11412.858963012695,0.2384185791015625,3633.9362462361655,4492.647898449643,21806.716918945312,13727.426528930664,41.72325134277344,3634.4528198242188,4990.380818958035,0,0,0,0,1,0,0,0,0,0,0,1.0,264.64285714285717,14600,508,0.0,0.0,0.0,0.0,0.0,0.0,0.0,0.0,0.0,0.0,0.0,0.0,0.0,0.0,99.14285714285714,430.14285714285717,0,7,7,694,3011,BENIGN,0.95
192.168.100.1,192.168.100.214,60688,43685,c8:1f:be:4e:a4:a6,b4:69:21:61:a7:3d,6,2023-03-22 18:16:12,29659.98649597168,127140.98843275484,505.7318553411091,269.72365618192487,236.00819915918427,8,7,760,3011,290.0,66.0,95.0,73.74957626996917,1514.0,66.0,430.14285714285717,547.0378489311917,1514,66,251.4,412.924173830176,170506.3733333334,160,140,20,1,2110.5493818010605,16129.97055053711,-112.29515075683594,4779.792360809081,29547.691345214844,16240.596771240234,0.2384185791015625,4221.098763602121,6719.359880374078,29549.360275268555,16274.92904663086,43.392181396484375,4924.893379211426,6374.495678415348,0,0,0,0,1,0,0,0,0,0,0,0.875,251.4,14600,508,0.0,0.0,0.0,0.0,0.0,0.0,0.0,0.0,0.0,0.0,0.0,0.0,0.0,0.0,95.0,430.14285714285717,0,8,7,760,3011,BENIGN,0.94
35.201.127.49,192.168.100.214,443,45994,c8:1f:be:4e:a4:a6,b4:69:21:61:a7:3d,6,2023-03-22 18:15:21,90671010.01739502,259.7522625531755,3.1101451273775265,2.0513723180575174,1.058772809320009,186,96,14544,9008,90.0,66.0,78.19354838709677,11.90125868875603,94.0,78.0,93.83333333333333,1.6244657241348273,94,66,83.51773049645391,12.216488588416638,149.24259343091393,3720,1920,20,93,322672.6335138613,1477480.6499481201,151.8726348876953,436783.78346293676,90670489.78805542,1477480.6499481201,180.72128295898438,490110.75561111036,457743.9660336752,90670758.72421265,1491281.0325622559,715.2557373046875,954429.0392022384,228279.28241778127,0,0,0,0,1,0,0,0,0,0,0,0.5161290322580645,83.51773049645391,268,501,442470.3121185303,36988.019943237305,188669.353723526,136598.6506823122,1066752.9106140137,7174.491882324219,232928.01596901633,291060.48496734904,0.0,0.0,0.0,0.0,0.0,0.0,78.19354838709677,93.83333333333333,0,186,96,14544,9008,BENIGN,0.87
192.168.100.1,192.168.100.214,60690,43685,c8:1f:be:4e:a4:a6,b4:69:21:61:a7:3d,6,2023-03-22 18:16:12,22716.760635375977,166000.78068030352,660.3054124117085,352.1628866195779,308.14252579213064,8,7,760,3011,290.0,66.0,95.0,73.74957626996917,1514.0,66.0,430.14285714285717,547.0378489311917,1514,66,251.4,412.924173830176,170506.3733333334,160,140,20,1,1614.485468183245,11059.284210205078,-113.96408081054688,3487.052947246536,22602.79655456543,11417.627334594727,0.2384185791015625,3228.97093636649,5104.784837733964,22594.213485717773,11248.350143432617,28.848648071289062,3765.702247619629,4616.389814324379,0,0,0,0,1,0,0,0,0,0,0,0.875,251.4,14600,508,0.0,0.0,0.0,0.0,0.0,0.0,0.0,0.0,0.0,0.0,0.0,0.0,0.0,0.0,95.0,430.14285714285717,0,8,7,760,3011,BENIGN,0.95
172.217.170.174,192.168.100.214,443,49771,c8:1f:be:4e:a4:a6,b4:69:21:61:a7:3d,17,2023-03-22 18:15:21,91307078.83834839,279.321169009828,2.420403793568538,1.2375820301956777,1.1828217633728602,113,108,12095,13409,688.0,68.0,107.03539823008849,119.53974635808244,1292.0,75.0,124.1574074074074,195.96655808983013,1292,68,115.4027149321267,161.6997267208217,26146.801621588416,904,864,8,113,415032.1765379472,12807053.089141846,0.0,1233018.4972068965,89699564.4569397,12841196.060180664,0.0,800888.968365533,1670492.6726046891,89703699.58877563,12823477.745056152,29.56390380859375,838352.3326053798,1697634.1416518602,0,0,0,0,1,0,0,0,0,0,0,0.9557522123893806,115.4027149321267,0,0,11200809.717178345,1594780.683517456,4195495.48625946,4057039.0384498285,6399101.257324219,781618.3567047119,2318776.1783599854,1538160.22441608,761.3333333333334,4.333333333333333,3770.0,4.0,13277.216236256463,558135.119833398,107.03539823008849,124.1574074074074,0,113,108,12095,13409,BENIGN,0.94
192.168.100.1,192.168.100.214,60692,43685,c8:1f:be:4e:a4:a6,b4:69:21:61:a7:3d,6,2023-03-22 18:16:12,19959.449768066406,185626.3595967318,701.4221415261121,350.71107076305606,350.71107076305606,7,7,694,3011,290.0,66.0,99.14285714285714,77.9659789751339,1514.0,66.0,430.14285714285717,547.0378489311917,1514,66,264.64285714285717,424.32864741896475,180054.8010204081,140,140,20,1,1535.342289851262,10785.341262817383,0.2384185791015625,3151.633477339153,19808.76922607422,10942.935943603516,0.2384185791015625,3301.4615376790366,4706.268634999415,19801.855087280273,11079.788208007812,27.65655517578125,3300.309181213379,4136.258220279872,0,0,0,0,1,0,0,0,0,0,0,1.0,264.64285714285717,14600,508,0.0,0.0,0.0,0.0,0.0,0.0,0.0,0.0,0.0,0.0,0.0,0.0,0.0,0.0,99.14285714285714,430.14285714285717,0,7,7,694,3011,BENIGN,0.95
192.168.100.1,192.168.100.214,60694,43685,c8:1f:be:4e:a4:a6,b4:69:21:61:a7:3d,6,2023-03-22 18:16:12,22258.04328918457,166456.6804845914,628.9861070942725,314.49305354713624,314.49305354713624,7,7,694,3011,290.0,66.0,99.14285714285714,77.9659789751339,1514.0,66.0,430.14285714285717,547.0378489311917,1514,66,264.64285714285717,424.32864741896475,180054.8010204081,140,140,20,1,1712.1571760911208,10450.363159179688,0.2384185791015625,3565.049741431253,22148.847579956055,11594.533920288086,0.2384185791015625,3691.4745966593423,5227.959661355909,22157.669067382812,10596.990585327148,38.38539123535156,3692.9448445638022,4594.925005717712,0,0,0,0,1,0,0,0,0,0,0,1.0,264.64285714285717,14600,508,0.0,0.0,0.0,0.0,0.0,0.0,0.0,0.0,0.0,0.0,0.0,0.0,0.0,0.0,99.14285714285714,430.14285714285717,0,7,7,694,3011,BENIGN,0.95
192.168.100.1,192.168.100.214,60696,43685,c8:1f:be:4e:a4:a6,b4:69:21:61:a7:3d,6,2023-03-22 18:16:12,26524.54376220703,139681.950167188,527.8130370689966,263.9065185344983,263.9065185344983,7,7,694,3011,290.0,66.0,99.14285714285714,77.9659789751339,1514.0,66.0,430.14285714285717,547.0378489311917,1514,66,264.64285714285717,424.32864741896475,180054.8010204081,140,140,20,1,2040.3495201697717,14766.216278076172,0.2384185791015625,4433.1406453571035,26407.480239868164,16831.636428833008,0.2384185791015625,4401.246706644694,6566.6419167802915,26383.161544799805,14884.471893310547,38.623809814453125,4397.193590799968,5769.908831667215,0,0,0,0,1,0,0,0,0,0,0,1.0,264.64285714285717,14600,508,0.0,0.0,0.0,0.0,0.0,0.0,0.0,0.0,0.0,0.0,0.0,0.0,0.0,0.0,99.14285714285714,430.14285714285717,0,7,7,694,3011,BENIGN,0.95
192.168.100.1,192.168.100.214,60698,43685,c8:1f:be:4e:a4:a6,b4:69:21:61:a7:3d,6,2023-03-22 18:16:12,18311.97738647461,202326.59323490353,764.5269379996355,382.26346899981775,382.26346899981775,7,7,694,3011,290.0,66.0,99.14285714285714,77.9659789751339,1514.0,66.0,430.14285714285717,547.0378489311917,1514,66,264.64285714285717,424.32864741896475,180054.8010204081,140,140,20,1,1408.6136451134314,10605.335235595703,0.0,3203.4474081471076,18276.453018188477,11417.388916015625,0.0,3046.0755030314126,4503.811613261045,18262.147903442383,10641.57485961914,15.020370483398438,3043.691317240397,4189.185540902531,0,0,0,0,1,0,0,0,0,0,0,1.0,264.64285714285717,14600,508,0.0,0.0,0.0,0.0,0.0,0.0,0.0,0.0,0.0,0.0,0.0,0.0,0.0,0.0,99.14285714285714,430.14285714285717,0,7,7,694,3011,BENIGN,0.95
192.168.100.1,192.168.100.214,60700,43685,c8:1f:be:4e:a4:a6,b4:69:21:61:a7:3d,6,2023-03-22 18:16:13,21417.617797851562,172988.42639593908,653.6674681627927,326.83373408139636,326.83373408139636,7,7,694,3011,290.0,66.0,99.14285714285714,77.9659789751339,1514.0,66.0,430.14285714285717,547.0378489311917,1514,66,264.64285714285717,424.32864741896475,180054.8010204081,140,140,20,1,1647.509061373197,10732.412338256836,0.2384185791015625,3335.644330860173,21266.22200012207,10841.608047485352,0.2384185791015625,3544.3703333536782,5012.950489568229,21308.422088623047,10961.294174194336,43.15376281738281,3551.4036814371743,4311.505336241519,0,0,0,0,1,0,0,0,0,0,0,1.0,264.64285714285717,14600,508,0.0,0.0,0.0,0.0,0.0,0.0,0.0,0.0,0.0,0.0,0.0,0.0,0.0,0.0,99.14285714285714,430.14285714285717,0,7,7,694,3011,BENIGN,0.95
192.168.100.1,192.168.100.214,60702,43685,c8:1f:be:4e:a4:a6,b4:69:21:61:a7:3d,6,2023-03-22 18:16:13,35507.6789855957,104343.62667024777,394.28091049486335,197.14045524743167,197.14045524743167,7,7,694,3011,290.0,66.0,99.14285714285714,77.9659789751339,1514.0,66.0,430.14285714285717,547.0378489311917,1514,66,264.64285714285717,424.32864741896475,180054.8010204081,140,140,20,1,2731.3599219689004,24199.724197387695,0.2384185791015625,6590.788883922627,35374.16458129883,26757.478713989258,0.2384185791015625,5895.694096883138,9845.553158154435,35381.79397583008,24334.66911315918,47.44529724121094,5896.965662638347,8774.198491764824,0,0,0,0,1,0,0,0,0,0,0,1.0,264.64285714285717,14600,508,0.0,0.0,0.0,0.0,0.0,0.0,0.0,0.0,0.0,0.0,0.0,0.0,0.0,0.0,99.14285714285714,430.14285714285717,0,7,7,694,3011,BENIGN,0.94
192.168.100.1,192.168.100.214,60704,43685,c8:1f:be:4e:a4:a6,b4:69:21:61:a7:3d,6,2023-03-22 18:16:13,50609.35020446777,73207.8160464689,276.62872460204176,138.31436230102088,138.31436230102088,7,7,694,3011,290.0,66.0,99.14285714285714,77.9659789751339,1514.0,66.0,430.14285714285717,547.0378489311917,1514,66,264.64285714285717,424.32864741896475,180054.8010204081,140,140,20,1,3893.0269388052134,25826.692581176758,0.2384185791015625,7502.435548582015,50561.90490722656,26069.164276123047,0.2384185791015625,8426.984151204428,9884.848310066327,50366.878509521484,26062.965393066406,47.44529724121094,8394.479751586914,11155.484491793086,0,0,0,0,1,0,0,0,0,0,0,1.0,264.64285714285717,14600,508,0.0,0.0,0.0,0.0,0.0,0.0,0.0,0.0,0.0,0.0,0.0,0.0,0.0,0.0,99.14285714285714,430.14285714285717,0,7,7,694,3011,BENIGN,0.93
192.168.100.1,192.168.100.214,60706,43685,c8:1f:be:4e:a4:a6,b4:69:21:61:a7:3d,6,2023-03-22 18:16:13,18576.383590698242,199446.78585638196,753.6450747609574,376.8225373804787,376.8225373804787,7,7,694,3011,290.0,66.0,99.14285714285714,77.9659789751339,1514.0,66.0,430.14285714285717,547.0378489311917,1514,66,264.64285714285717,424.32864741896475,180054.8010204081,140,140,20,1,1428.9525838998647,8956.9091796875,0.2384185791015625,2890.930449329853,18480.300903320312,9263.992309570312,0.2384185791015625,3080.0501505533853,4313.169220722857,18439.054489135742,9163.379669189453,28.133392333984375,3073.1757481892905,3772.1277617129663,0,0,0,0,1,0,0,0,0,0,0,1.0,264.64285714285717,14600,508,0.0,0.0,0.0,0.0,0.0,0.0,0.0,0.0,0.0,0.0,0.0,0.0,0.0,0.0,99.14285714285714,430.14285714285717,0,7,7,694,3011,BENIGN,0.95
192.168.100.1,192.168.100.214,60708,43685,c8:1f:be:4e:a4:a6,b4:69:21:61:a7:3d,6,2023-03-22 18:16:13,22656.20231628418,163531.37866080165,617.9323350205731,308.96616751028654,308.96616751028654,7,7,694,3011,290.0,66.0,99.14285714285714,77.9659789751339,1514.0,66.0,430.14285714285717,547.0378489311917,1514,66,264.64285714285717,424.32864741896475,180054.8010204081,140,140,20,1,1742.7847935603215,13740.53955078125,0.2384185791015625,3833.1692238148885,22535.80093383789,13879.060745239258,0.2384185791015625,3755.966822306315,5520.9070203393585,22517.681121826172,13876.914978027344,47.92213439941406,3752.9468536376953,5020.193017476598,0,0,0,0,1,0,0,0,0,0,0,1.0,264.64285714285717,14600,508,0.0,0.0,0.0,0.0,0.0,0.0,0.0,0.0,0.0,0.0,0.0,0.0,0.0,0.0,99.14285714285714,430.14285714285717,0,7,7,694,3011,BENIGN,0.95
192.168.100.1,192.168.100.214,60710,43685,c8:1f:be:4e:a4:a6,b4:69:21:61:a7:3d,6,2023-03-22 18:16:13,37842.750549316406,99649.20480834656,396.37710743176837,211.4011239636098,184.97598346815857,8,7,760,3011,290.0,66.0,95.0,73.74957626996917,1514.0,66.0,430.14285714285717,547.0378489311917,1514,66,251.4,412.924173830176,170506.3733333334,160,140,20,1,2694.91331917899,19002.914428710938,-113.96408081054688,6063.462955292509,37728.78646850586,19201.75552368164,0.2384185791015625,5389.82663835798,8449.83322536564,37643.9094543457,19166.946411132812,41.72325134277344,6273.984909057617,8141.0940606998965,0,0,0,0,1,0,0,0,0,0,0,0.875,251.4,14600,508,0.0,0.0,0.0,0.0,0.0,0.0,0.0,0.0,0.0,0.0,0.0,0.0,0.0,0.0,95.0,430.14285714285717,0,8,7,760,3011,BENIGN,0.94
192.168.100.214,239.255.255.250,1900,1900,b4:69:21:61:a7:3d,01:00:5e:7f:ff:fa,17,2023-03-22 18:16:11,2055490.0169372559,3530.5449991010687,8.757035963045231,8.757035963045231,0.0,18,0,7257,0,438.0,358.0,403.1666666666667,29.991202413744972,0.0,0.0,0.0,0.0,438,358,403.1666666666667,29.991202413744972,899.4722222222222,144,0,8,18,120911.17746689741,121357.44094848633,120183.22944641113,288.0868212222296,2055490.0169372559,121357.44094848633,120183.22944641113,120911.17746689741,288.0868212222296,0.0,0.0,0.0,0.0,0.0,0,0,0,0,1,0,0,0,0,0,0,0.0,403.1666666666667,0,0,0.0,0.0,0.0,0.0,0.0,0.0,0.0,0.0,6501.0,18.0,0.0,0.0,3162.749488653169,0.0,403.1666666666667,0.0,0,18,0,7257,0,BENIGN,0.99
192.168.100.1,192.168.100.214,60712,43685,c8:1f:be:4e:a4:a6,b4:69:21:61:a7:3d,6,2023-03-22 18:16:13,76340.91377258301,49396.84126959341,196.487037667436,104.79308675596586,91.69395091147013,8,7,760,3011,290.0,66.0,95.0,73.74957626996917,1514.0,66.0,430.14285714285717,547.0378489311917,1514,66,251.4,412.924173830176,170506.3733333334,160,140,20,1,5442.159516470773,56951.52282714844,-150.6805419921875,14858.22328018481,76190.23323059082,57097.19657897949,0.2384185791015625,10884.319032941547,19983.04625033418,76195.24002075195,57118.41583251953,28.133392333984375,12699.206670125326,20662.402382513803,0,0,0,0,1,0,0,0,0,0,0,0.875,251.4,14600,508,0.0,0.0,0.0,0.0,0.0,0.0,0.0,0.0,0.0,0.0,0.0,0.0,0.0,0.0,95.0,430.14285714285717,0,8,7,760,3011,BENIGN,0.92
192.168.100.1,192.168.100.214,60714,43685,c8:1f:be:4e:a4:a6,b4:69:21:61:a7:3d,6,2023-03-22 18:16:13,27538.776397705078,134537.5679185497,508.37407580558585,254.18703790279292,254.18703790279292,7,7,694,3011,290.0,66.0,99.14285714285714,77.9659789751339,1514.0,66.0,430.14285714285717,547.0378489311917,1514,66,264.64285714285717,424.32864741896475,180054.8010204081,140,140,20,1,2118.367415208083,17257.4520111084,0.2384185791015625,4809.332620724443,27394.05632019043,17385.005950927734,0.2384185791015625,4565.676053365071,6797.9260516032455,27411.222457885742,17470.836639404297,28.6102294921875,4568.53707631429,6368.733400174679,0,0,0,0,1,0,0,0,0,0,0,1.0,264.64285714285717,14600,508,0.0,0.0,0.0,0.0,0.0,0.0,0.0,0.0,0.0,0.0,0.0,0.0,0.0,0.0,99.14285714285714,430.14285714285717,0,7,7,694,3011,BENIGN,0.94
192.168.100.214,108.177.15.188,59466,5228,b4:69:21:61:a7:3d,c8:1f:be:4e:a4:a6,6,2023-03-22 18:16:16,149799.82376098633,881.1759365659408,13.351150554029406,6.675575277014703,6.675575277014703,1,1,66,66,66.0,66.0,66.0,0.0,66.0,66.0,66.0,0.0,66,66,66.0,0.0,0.0,20,20,20,0,0.0,0.0,0.0,0.0,0,0.0,0.0,0.0,0.0,0.0,0.0,0.0,0.0,0.0,0,0,0,0,1,0,0,0,0,0,0,1.0,66.0,501,265,0.0,0.0,0.0,0.0,0.0,0.0,0.0,0.0,0.0,0.0,0.0,0.0,0.0,0.0,66.0,66.0,0,1,1,66,66,BENIGN,0.96
172.217.170.202,192.168.100.214,443,51083,c8:1f:be:4e:a4:a6,b4:69:21:61:a7:3d,17,2023-03-22 18:15:29,90142796.27799988,149.96206638975968,1.7194940294727585,0.8542002598025962,0.8652937696701624,77,78,6156,7362,162.0,63.0,79.94805194805195,26.630661024366333,543.0,75.0,94.38461538461539,85.33001257098755,543,63,87.21290322580646,63.784818407778,4068.503059313215,616,624,8,77,585342.8329740252,7008453.607559204,0.7152557373046875,1456478.5255942326,89938071.4893341,7008453.607559204,0.7152557373046875,1183395.6774912383,1915351.1268576102,85186907.76824951,7031609.296798706,381.9465637207031,1106323.477509734,1871117.5979238932,0,0,0,0,1,0,0,0,0,0,0,1.0129870129870129,87.21290322580646,0,0,4804749.488830566,3342060.089111328,4438225.090503693,632871.571404662,4951135.396957397,605074.8825073242,2476135.3969573975,1216993.553794687,0.0,0.0,0.0,0.0,0.0,0.0,79.94805194805195,94.38461538461539,0,77,78,6156,7362,BENIGN,0.96
192.168.100.214,239.255.255.250,46890,1900,b4:69:21:61:a7:3d,01:00:5e:7f:ff:fa,17,2023-03-22 18:16:17,3021987.6766204834,284.58090900018027,1.3236321348845594,1.3236321348845594,0.0,4,0,860,0,215.0,215.0,215.0,0.0,0.0,0.0,0.0,0.0,215,215,215.0,0.0,0.0,32,0,8,4,1007329.2255401611,1008292.9134368896,1005524.8737335205,1276.8575506371144,3021987.6766204834,1008292.9134368896,1005524.8737335205,1007329.2255401611,1276.8575506371144,0.0,0.0,0.0,0.0,0.0,0,0,0,0,1,0,0,0,0,0,0,0.0,215.0,0,0,0.0,0.0,0.0,0.0,0.0,0.0,0.0,0.0,0.0,0.0,0.0,0.0,0.0,0.0,215.0,0.0,0,4,0,860,0,BENIGN,0.95
192.168.100.214,172.217.170.195,53583,443,b4:69:21:61:a7:3d,c8:1f:be:4e:a4:a6,17,2023-03-22 18:16:27,401927.9479980469,21456.582063912378,49.76016248588214,24.88008124294107,24.88008124294107,10,10,3993,4631,1292.0,75.0,399.3,494.0479834995788,1292.0,64.0,463.1,479.4914910611032,1292,64,431.2,487.86817891721523,238015.35999999996,80,80,8,10,21154.102526212995,160023.68927001953,0.2384185791015625,40656.06798152418,401927.9479980469,258691.78771972656,131.36863708496094,44658.660888671875,79549.04306283234,300926.92375183105,160023.68927001953,0.2384185791015625,33436.32486131456,51519.409622094674,0,0,0,0,1,0,0,0,0,0,0,1.0,431.2,0,0,0.0,0.0,0.0,0.0,0.0,0.0,0.0,0.0,1389.0,4.0,3512.0,6.0,1827442.991217064,21946.619816684346,399.3,463.1,0,10,10,3993,4631,BENIGN,0.99
192.168.100.214,172.217.170.195,39969,443,b4:69:21:61:a7:3d,c8:1f:be:4e:a4:a6,17,2023-03-22 18:16:29,314979.31480407715,35976.965684393304,73.02066808516113,38.09773987051886,34.92292821464228,12,11,5420,5912,1292.0,75.0,451.6666666666667,519.6773571703462,1292.0,64.0,537.4545454545455,516.9983934626637,1292,64,492.69565217391306,520.1660633483862,270572.7334593573,96,88,8,12,14317.241582003508,119196.17652893066,0.2384185791015625,31602.42165203176,300124.6452331543,141827.34489440918,87.02278137207031,27284.058657559483,49378.63233266809,269035.10093688965,119631.76727294922,0.2384185791015625,26903.510093688965,45723.29286020173,0,0,0,0,1,0,0,0,0,0,0,0.9166666666666666,492.69565217391306,0,0,0.0,0.0,0.0,0.0,0.0,0.0,0.0,0.0,1502.0,5.0,3514.0,6.0,991633.025027546,1228232021.3333333,451.6666666666667,537.4545454545455,0,12,11,5420,5912,BENIGN,0.97
192.168.100.214,13.107.42.14,39744,443,b4:69:21:61:a7:3d,c8:1f:be:4e:a4:a6,6,2023-03-22 18:15:25,104794719.21920776,91.1019187906764,0.51529314074542,0.23856163923399076,0.2767315015114293,25,29,6479,3068,1466.0,54.0,259.16,447.2590014745372,981.0,54.0,105.79310344827586,169.40471420186896,1466,54,176.7962962962963,337.4482884734934,113871.34739369001,500,580,20,20,1977255.4973386368,14861595.630645752,-89.16854858398438,4825218.539152166,89842582.70263672,15063655.853271484,21.457672119140625,3743440.945943197,6170252.081682935,104285642.14706421,14861595.630645752,0.2384185791015625,3724487.2195380074,6133982.492587796,0,0,0,0,1,0,0,0,0,0,0,1.16,176.7962962962963,9335,16384,0.0,0.0,0.0,0.0,12803442.239761353,65376.04331970215,2991699.3618011475,4930003.565029528,4445.0,4.0,0.0,0.0,786387.771216467,0.0,259.16,105.79310344827586,0,25,29,6479,3068,BENIGN,1.0
192.168.100.214,192.168.100.1,35895,53,b4:69:21:61:a7:3d,c8:1f:be:4e:a4:a6,17,2023-03-22 18:16:35,32882.6904296875,5048.248723897912,60.82227378190255,30.411136890951276,30.411136890951276,1,1,75,91,75.0,75.0,75.0,0.0,91.0,91.0,91.0,0.0,91,75,83.0,8.0,64.0,8,8,8,1,0.0,0.0,0.0,0.0,0,0.0,0.0,0.0,0.0,0.0,0.0,0.0,0.0,0.0,0,0,0,0,1,0,0,0,0,0,0,1.0,83.0,0,0,0.0,0.0,0.0,0.0,0.0,0.0,0.0,0.0,0.0,0.0,0.0,0.0,0.0,0.0,75.0,91.0,0,1,1,75,91,BENIGN,0.99
192.168.100.214,172.217.170.197,44924,443,b4:69:21:61:a7:3d,c8:1f:be:4e:a4:a6,6,2023-03-22 18:16:35,658642.5304412842,13949.903893761808,45.54822777675819,21.255839629153822,24.292388147604367,14,16,4944,4244,1466.0,66.0,353.14285714285717,492.30722944444494,1024.0,66.0,265.25,302.584389055351,1466,66,306.26666666666665,404.7932750868714,163857.59555555554,280,320,20,9,22711.81139452704,421328.3061981201,0.0,80211.17573838799,648806.8103790283,443399.19090270996,8.821487426757812,49908.21618300218,121645.28916806175,643031.120300293,421328.3061981201,0.0,42868.74135335287,107647.56907069268,0,0,0,0,1,0,0,0,0,0,0,1.1428571428571428,306.26666666666665,64240,284,0.0,0.0,0.0,0.0,0.0,0.0,0.0,0.0,3175.0,6.0,1815.0,5.0,4737429.811454998,845851306.6666666,353.14285714285717,265.25,0,14,16,4944,4244,BENIGN,1.0
192.168.100.1,239.255.255.250,46347,1900,c8:1f:be:4e:a4:a6,b4:69:21:61:a7:3d,17,2023-03-22 18:16:38,1816492.5575256348,384.2570106374629,2.202045906231879,2.202045906231879,0.0,4,0,698,0,175.0,174.0,174.5,0.5,0.0,0.0,0.0,0.0,175,174,174.5,0.5,0.25,32,0,8,4,605497.5191752115,1399187.3264312744,152695.1789855957,563080.1407219452,1816492.5575256348,1399187.3264312744,152695.1789855957,605497.5191752115,563080.1407219452,0.0,0.0,0.0,0.0,0.0,0,0,0,0,1,0,0,0,0,0,0,0.0,174.5,0,0,0.0,0.0,0.0,0.0,0.0,0.0,0.0,0.0,0.0,0.0,0.0,0.0,0.0,0.0,174.5,0.0,0,4,0,698,0,BENIGN,0.97
192.168.100.72,239.255.255.250,38496,1900,34:f3:9a:0b:3d:d0,b4:69:21:61:a7:3d,17,2023-03-22 18:16:42,3023604.393005371,283.1058196569036,1.3229243909201103,1.3229243909201103,0.0,4,0,856,0,214.0,214.0,214.0,0.0,0.0,0.0,0.0,0.0,214,214,214.0,0.0,0.0,32,0,8,4,1007868.1310017904,1012692.928314209,1003062.9634857178,3931.4411815662784,3023604.393005371,1012692.928314209,1003062.9634857178,1007868.1310017904,3931.4411815662784,0.0,0.0,0.0,0.0,0.0,0,0,0,0,1,0,0,0,0,0,0,0.0,214.0,0,0,0.0,0.0,0.0,0.0,0.0,0.0,0.0,0.0,0.0,0.0,0.0,0.0,0.0,0.0,214.0,0.0,0,4,0,856,0,BENIGN,0.95
192.168.100.214,52.84.97.164,43856,443,b4:69:21:61:a7:3d,c8:1f:be:4e:a4:a6,6,2023-03-22 18:16:49,10006.427764892578,13191.520800571838,199.87152728139148,99.93576364069574,99.93576364069574,1,1,66,66,66.0,66.0,66.0,0.0,66.0,66.0,66.0,0.0,66,66,66.0,0.0,0.0,20,20,20,0,0.0,0.0,0.0,0.0,0,0.0,0.0,0.0,0.0,0.0,0.0,0.0,0.0,0.0,0,0,0,0,1,0,0,0,0,0,0,1.0,66.0,501,133,0.0,0.0,0.0,0.0,0.0,0.0,0.0,0.0,0.0,0.0,0.0,0.0,0.0,0.0,66.0,66.0,0,1,1,66,66,BENIGN,0.98
192.168.100.214,192.168.100.1,55341,53,b4:69:21:61:a7:3d,c8:1f:be:4e:a4:a6,17,2023-03-22 18:16:56,20688.295364379883,9570.629020547865,96.6730204095744,48.3365102047872,48.3365102047872,1,1,91,107,91.0,91.0,91.0,0.0,107.0,107.0,107.0,0.0,107,91,99.0,8.0,64.0,8,8,8,1,0.0,0.0,0.0,0.0,0,0.0,0.0,0.0,0.0,0.0,0.0,0.0,0.0,0.0,0,0,0,0,1,0,0,0,0,0,0,1.0,99.0,0,0,0.0,0.0,0.0,0.0,0.0,0.0,0.0,0.0,0.0,0.0,0.0,0.0,0.0,0.0,91.0,107.0,0,1,1,91,107,BENIGN,0.99
192.168.100.214,192.168.100.1,58352,53,b4:69:21:61:a7:3d,c8:1f:be:4e:a4:a6,17,2023-03-22 18:16:59,12084.007263183594,17212.83308341883,165.50801041748875,82.75400520874437,82.75400520874437,1,1,79,129,79.0,79.0,79.0,0.0,129.0,129.0,129.0,0.0,129,79,104.0,25.0,625.0,8,8,8,1,0.0,0.0,0.0,0.0,0,0.0,0.0,0.0,0.0,0.0,0.0,0.0,0.0,0.0,0,0,0,0,1,0,0,0,0,0,0,1.0,104.0,0,0,0.0,0.0,0.0,0.0,0.0,0.0,0.0,0.0,0.0,0.0,0.0,0.0,0.0,0.0,79.0,129.0,0,1,1,79,129,BENIGN,0.99
192.168.100.214,172.217.170.206,40206,443,b4:69:21:61:a7:3d,c8:1f:be:4e:a4:a6,17,2023-03-22 18:16:59,382955.07431030273,72823.16352701667,107.06216668845683,60.059264239866025,47.0029024485908,23,18,21724,6164,1292.0,75.0,944.5217391304348,531.630295662823,1292.0,66.0,342.44444444444446,459.0941832955439,1292,66,680.1951219512196,583.4016822936269,340357.52290303394,184,144,8,23,9573.876857757568,142863.98887634277,0.2384185791015625,24863.682453847643,374662.1608734131,182046.65184020996,104.18891906738281,17030.098221518776,42339.075254265255,318553.20930480957,142863.98887634277,0.2384185791015625,18738.424076753505,34953.292048573276,0,0,0,0,1,0,0,0,0,0,0,0.782608695652174,680.1951219512196,0,0,0.0,0.0,0.0,0.0,0.0,0.0,0.0,0.0,18081.0,17.0,1378.0,5.333333333333333,1353704.0916782692,21207.189640073775,944.5217391304348,342.44444444444446,0,23,18,21724,6164,BENIGN,0.97
192.168.100.214,192.168.100.1,46077,53,b4:69:21:61:a7:3d,c8:1f:be:4e:a4:a6,17,2023-03-22 18:17:00,33486.60469055176,4957.2060689340915,59.72537432450713,29.862687162253565,29.862687162253565,1,1,75,91,75.0,75.0,75.0,0.0,91.0,91.0,91.0,0.0,91,75,83.0,8.0,64.0,8,8,8,1,0.0,0.0,0.0,0.0,0,0.0,0.0,0.0,0.0,0.0,0.0,0.0,0.0,0.0,0,0,0,0,1,0,0,0,0,0,0,1.0,83.0,0,0,0.0,0.0,0.0,0.0,0.0,0.0,0.0,0.0,0.0,0.0,0.0,0.0,0.0,0.0,75.0,91.0,0,1,1,75,91,BENIGN,0.99
192.168.100.214,172.217.170.195,54815,443,b4:69:21:61:a7:3d,c8:1f:be:4e:a4:a6,17,2023-03-22 18:17:00,375771.76094055176,30140.63635769535,61.207366786773186,31.934278323533835,29.273088463239347,12,11,5416,5910,1292.0,75.0,451.3333333333333,519.8912279399307,1292.0,64.0,537.2727272727273,515.953854685949,1292,64,492.4347826086956,519.7876511311432,270179.202268431,96,88,8,12,17080.534588206898,112829.68521118164,0.2384185791015625,30111.839609287992,343991.0411834717,159297.22785949707,171.18453979492188,31271.91283486106,48244.529719177925,249822.61657714844,82665.92025756836,0.2384185791015625,24982.261657714844,33116.311623386886,0,0,0,0,1,0,0,0,0,0,0,0.9166666666666666,492.4347826086956,0,0,0.0,0.0,0.0,0.0,0.0,0.0,0.0,0.0,1502.0,5.0,3512.0,6.0,1015776.2992583038,1841299456.0,451.3333333333333,537.2727272727273,0,12,11,5416,5910,BENIGN,0.98
192.168.100.214,216.58.223.74,40456,443,b4:69:21:61:a7:3d,c8:1f:be:4e:a4:a6,17,2023-03-22 18:16:56,4489099.025726318,3044.9317160671035,11.583616155936014,6.237331776273238,5.346284379662776,28,24,6928,6741,1292.0,75.0,247.42857142857142,374.5552055983421,1292.0,63.0,280.875,412.6788816683015,1292,63,262.86538461538464,392.9649147015424,154421.42418639048,224,192,8,28,88021.54952404546,2621093.0347442627,0.2384185791015625,366480.6550309607,4470324.993133545,2633936.1667633057,170.23086547851562,165567.59233827944,493871.95467688976,4445191.144943237,2629642.0097351074,0.2384185791015625,193269.18021492337,533070.7355538098,0,0,0,0,1,0,0,0,0,0,0,0.8571428571428571,262.86538461538464,0,0,0.0,0.0,0.0,0.0,0.0,0.0,0.0,0.0,0.0,0.0,2272.0,4.0,0.0,1361351241.142857,247.42857142857142,280.875,0,28,24,6928,6741,BENIGN,1.0
192.168.100.214,108.177.15.188,59466,5228,b4:69:21:61:a7:3d,c8:1f:be:4e:a4:a6,6,2023-03-22 18:17:01,182835.57891845703,721.9601391634544,10.938789987325068,5.469394993662534,5.469394993662534,1,1,66,66,66.0,66.0,66.0,0.0,66.0,66.0,66.0,0.0,66,66,66.0,0.0,0.0,20,20,20,0,0.0,0.0,0.0,0.0,0,0.0,0.0,0.0,0.0,0.0,0.0,0.0,0.0,0.0,0,0,0,0,1,0,0,0,0,0,0,1.0,66.0,501,265,0.0,0.0,0.0,0.0,0.0,0.0,0.0,0.0,0.0,0.0,0.0,0.0,0.0,0.0,66.0,66.0,0,1,1,66,66,BENIGN,0.96
192.168.100.214,192.168.100.1,58173,53,b4:69:21:61:a7:3d,c8:1f:be:4e:a4:a6,17,2023-03-22 18:17:17,10291.337966918945,15158.37887177111,194.33819066373218,97.16909533186609,97.16909533186609,1,1,70,86,70.0,70.0,70.0,0.0,86.0,86.0,86.0,0.0,86,70,78.0,8.0,64.0,8,8,8,1,0.0,0.0,0.0,0.0,0,0.0,0.0,0.0,0.0,0.0,0.0,0.0,0.0,0.0,0,0,0,0,1,0,0,0,0,0,0,1.0,78.0,0,0,0.0,0.0,0.0,0.0,0.0,0.0,0.0,0.0,0.0,0.0,0.0,0.0,0.0,0.0,70.0,86.0,0,1,1,70,86,BENIGN,0.99
192.168.100.214,172.217.170.174,37028,443,b4:69:21:61:a7:3d,c8:1f:be:4e:a4:a6,17,2023-03-22 18:17:17,368918.41888427734,31825.46438182293,62.34440684625904,32.527516615439495,29.81689023081954,12,11,5477,6264,1292.0,75.0,456.4166666666667,522.8681252370322,1292.0,63.0,569.4545454545455,528.1372692838592,1292,63,510.4782608695652,528.4202765392761,279227.98865784495,96,88,8,12,16769.019040194424,102397.20344543457,0.2384185791015625,28200.530977400216,338507.41386413574,128866.91093444824,130.65338134765625,30773.401260375977,42333.72864550922,327314.8536682129,133990.76461791992,0.2384185791015625,32731.48536682129,49117.84282505739,0,0,0,0,1,0,0,0,0,0,0,0.9166666666666666,510.4782608695652,0,0,0.0,0.0,0.0,0.0,0.0,0.0,0.0,0.0,2259.0,5.0,3480.0,5.0,1365854.51001874,2085168274.2857144,456.4166666666667,569.4545454545455,0,12,11,5477,6264,BENIGN,0.99
192.168.100.214,172.217.170.197,44924,443,b4:69:21:61:a7:3d,c8:1f:be:4e:a4:a6,6,2023-03-22 18:17:21,13619.89974975586,9691.701291881105,146.84395896789553,73.42197948394777,73.42197948394777,1,1,66,66,66.0,66.0,66.0,0.0,66.0,66.0,66.0,0.0,66,66,66.0,0.0,0.0,20,20,20,0,0.0,0.0,0.0,0.0,0,0.0,0.0,0.0,0.0,0.0,0.0,0.0,0.0,0.0,0,0,0,0,1,0,0,0,0,0,0,1.0,66.0,501,284,0.0,0.0,0.0,0.0,0.0,0.0,0.0,0.0,0.0,0.0,0.0,0.0,0.0,0.0,66.0,66.0,0,1,1,66,66,BENIGN,0.96
192.168.100.123,224.0.0.251,5353,5353,da:94:86:4d:80:58,b4:69:21:61:a7:3d,17,2023-03-22 18:16:28,100006407.49931335,7.139542533861166,0.05999615574673249,0.05999615574673249,0.0,6,0,714,0,119.0,119.0,119.0,0.0,0.0,0.0,0.0,0.0,119,119,119.0,0.0,0.0,48,0,8,6,20001281.49986267,20017401.218414307,19988308.429718018,10051.200835268664,100006407.49931335,20017401.218414307,19988308.429718018,20001281.49986267,10051.200835268664,0.0,0.0,0.0,0.0,0.0,0,0,0,0,1,0,0,0,0,0,0,0.0,119.0,0,0,0.0,0.0,0.0,0.0,20017401.218414307,17920.494079589844,10017660.856246948,9999740.362167358,0.0,0.0,0.0,0.0,0.0,0.0,119.0,0.0,0,6,0,714,0,BENIGN,0.93
192.168.100.214,192.168.100.1,45514,53,b4:69:21:61:a7:3d,c8:1f:be:4e:a4:a6,17,2023-03-22 18:17:29,30366.182327270508,7640.077949201115,65.86274094138892,32.93137047069446,32.93137047069446,1,1,75,157,75.0,75.0,75.0,0.0,157.0,157.0,157.0,0.0,157,75,116.0,41.0,1681.0,8,8,8,1,0.0,0.0,0.0,0.0,0,0.0,0.0,0.0,0.0,0.0,0.0,0.0,0.0,0.0,0,0,0,0,1,0,0,0,0,0,0,1.0,116.0,0,0,0.0,0.0,0.0,0.0,0.0,0.0,0.0,0.0,0.0,0.0,0.0,0.0,0.0,0.0,75.0,157.0,0,1,1,75,157,BENIGN,0.99
192.168.100.214,172.217.170.195,57324,443,b4:69:21:61:a7:3d,c8:1f:be:4e:a4:a6,17,2023-03-22 18:17:31,292229.65240478516,38774.29927714775,78.70522313779881,41.06359468059068,37.64162845720813,12,11,5415,5916,1292.0,75.0,451.25,519.9450491798789,1292.0,64.0,537.8181818181819,515.5667346243739,1292,64,492.6521739130435,519.6580488289059,270044.4877126655,96,88,8,12,13283.166018399324,108968.97315979004,0.2384185791015625,29661.071335308818,278654.3369293213,137984.9910736084,133.27598571777344,25332.212448120117,47969.556619583636,247710.7048034668,109781.02684020996,0.2384185791015625,24771.07048034668,40532.847297095774,0,0,0,0,1,0,0,0,0,0,0,0.9166666666666666,492.6521739130435,0,0,0.0,0.0,0.0,0.0,0.0,0.0,0.0,0.0,1389.0,4.0,2265.0,5.0,1500357.5215039917,1187512320.0,451.25,537.8181818181819,0,12,11,5415,5916,BENIGN,0.98
192.168.100.214,104.18.3.161,55980,443,b4:69:21:61:a7:3d,c8:1f:be:4e:a4:a6,17,2023-03-22 18:16:42,90174042.22488403,3392.7834712900767,11.610880184220848,4.957080651716064,6.653799532504784,447,600,38905,267036,89.0,87.0,87.03579418344519,0.1974518493388477,1242.0,67.0,445.06,496.0488514921355,1242,67,292.207258834766,415.17730073510234,172372.1910456856,3576,4800,8,447,86208.45336987001,284928.3218383789,0.0,73276.15408346758,90174042.22488403,407197.9522705078,177.14500427246094,202183.95117687003,98894.2033820093,90077062.60681152,468757.62939453125,0.0,150379.0694604533,126641.84996492487,0,0,0,0,1,0,0,0,0,0,0,1.342281879194631,292.207258834766,0,0,0.0,0.0,0.0,0.0,0.0,0.0,0.0,0.0,0.0,0.0,2184.1428571428573,4.285714285714286,0.0,26937.195210789207,87.03579418344519,445.06,0,447,600,38905,267036,BENIGN,1.0
192.168.100.214,52.84.97.164,43856,443,b4:69:21:61:a7:3d,c8:1f:be:4e:a4:a6,6,2023-03-22 18:17:34,16081.571578979492,8208.152999955524,124.36595454478065,62.182977272390325,62.182977272390325,1,1,66,66,66.0,66.0,66.0,0.0,66.0,66.0,66.0,0.0,66,66,66.0,0.0,0.0,20,20,20,0,0.0,0.0,0.0,0.0,0,0.0,0.0,0.0,0.0,0.0,0.0,0.0,0.0,0.0,0,0,0,0,1,0,0,0,0,0,0,1.0,66.0,501,133,0.0,0.0,0.0,0.0,0.0,0.0,0.0,0.0,0.0,0.0,0.0,0.0,0.0,0.0,66.0,66.0,0,1,1,66,66,BENIGN,0.98
192.168.100.214,216.58.223.78,59360,443,b4:69:21:61:a7:3d,c8:1f:be:4e:a4:a6,17,2023-03-22 18:17:29,9143596.649169922,2375.432866668697,4.155913855129397,2.0779569275646983,2.0779569275646983,19,19,11943,9777,1292.0,75.0,628.578947368421,575.8393704926907,1292.0,65.0,514.578947368421,509.84087463788495,1292,65,571.578947368421,546.8211307461252,299013.34903047094,152,152,8,19,247124.23376134923,8580147.981643677,0.2384185791015625,1389221.5969129563,9107072.591781616,8630700.11138916,111.57989501953125,505948.4773212009,1971046.413255299,9102763.414382935,8596574.068069458,0.2384185791015625,505709.0785768297,1962876.7042437661,0,0,0,0,1,0,0,0,0,0,0,1.0,571.578947368421,0,0,0.0,0.0,0.0,0.0,0.0,0.0,0.0,0.0,5642.0,7.0,3490.0,5.0,2485480.8494905997,49334.77456101918,628.578947368421,514.578947368421,0,19,19,11943,9777,BENIGN,1.0
35.201.127.49,192.168.100.214,443,58260,c8:1f:be:4e:a4:a6,b4:69:21:61:a7:3d,6,2023-03-22 18:16:51,90010734.79652405,253.303120472698,3.0440813600666337,2.021981049387326,1.0221003106793076,182,92,14196,8604,90.0,66.0,78.0,12.0,94.0,66.0,93.52173913043478,3.328004562306019,94,66,83.21167883211679,12.373406057892609,153.10117747349352,3640,1840,20,91,329709.6512693189,1278611.421585083,37.43171691894531,458368.33048656554,90010734.79652405,1278611.421585083,6295.680999755859,497296.87732886215,483282.1019116123,89008302.21176147,1294118.881225586,109.91096496582031,978113.211118258,151546.61876151137,0,0,0,0,1,0,0,0,0,0,0,0.5054945054945055,83.21167883211679,269,501,269523.38218688965,989.4371032714844,84832.19146728516,107563.93521277058,1020391.7026519775,7045.03059387207,174812.82353401184,330273.8546752014,0.0,0.0,0.0,0.0,0.0,0.0,78.0,93.52173913043478,0,182,92,14196,8604,BENIGN,0.86
35.201.127.49,192.168.100.214,443,58264,c8:1f:be:4e:a4:a6,b4:69:21:61:a7:3d,6,2023-03-22 18:16:52,90002145.29037476,255.19391705495607,3.066593569625909,2.0332848668171786,1.0333087028087302,183,93,14286,8682,90.0,66.0,78.06557377049181,11.999820835355145,94.0,66.0,93.35483870967742,3.676853380329035,94,66,83.21739130434783,12.339249930481225,152.25708884688092,3660,1860,20,92,327280.2543640137,1338159.3227386475,-75.34027099609375,458427.7784970982,90002145.29037476,1338159.3227386475,0.476837158203125,494517.2818152459,484614.1382918248,89000664.23416138,1353204.9655914307,79.15496826171875,967398.5242843628,186908.389066858,0,0,0,0,1,0,0,0,0,0,0,0.5081967213114754,83.21739130434783,269,501,319921.01669311523,3032.207489013672,140657.90176391602,122665.55897377248,1014793.1575775146,35860.300064086914,237602.67666407995,327086.36298301263,0.0,0.0,0.0,0.0,0.0,0.0,78.06557377049181,93.35483870967742,0,183,93,14286,8682,BENIGN,0.87
35.201.127.49,192.168.100.214,443,45994,c8:1f:be:4e:a4:a6,b4:69:21:61:a7:3d,6,2023-03-22 18:16:52,90038976.19247437,249.89177966553328,2.998701355986399,1.9991342373242662,0.9995671186621331,180,90,14040,8460,90.0,66.0,78.0,12.0,94.0,94.0,94.0,0.0,94,66,83.33333333333333,12.364824660660938,152.88888888888889,3600,1800,20,90,334717.38361514633,1204057.216644287,110.38780212402344,460043.76702969515,90038490.77224731,1204057.216644287,9519.815444946289,503008.32833657716,483126.12900178216,88982960.70098877,1218099.1172790527,781567.8119659424,999808.547202121,56985.49420420846,0,0,0,0,1,0,0,0,0,0,0,0.5,83.33333333333333,268,501,192596.9123840332,26613.712310791016,83622.65427907307,55208.776754589904,1055550.0984191895,18109.560012817383,170987.95043097602,316858.33837704617,0.0,0.0,0.0,0.0,0.0,0.0,78.0,94.0,0,180,90,14040,8460,BENIGN,0.86
192.168.100.1,239.255.255.250,46347,1900,c8:1f:be:4e:a4:a6,b4:69:21:61:a7:3d,17,2023-03-22 18:17:41,1805165.0524139404,386.6682434753575,2.2158638594576363,2.2158638594576363,0.0,4,0,698,0,175.0,174.0,174.5,0.5,0.0,0.0,0.0,0.0,175,174,174.5,0.5,0.25,32,0,8,4,601721.6841379801,1296337.1276855469,249197.24464416504,491185.7591277511,1805165.0524139404,1296337.1276855469,249197.24464416504,601721.6841379801,491185.7591277511,0.0,0.0,0.0,0.0,0.0,0,0,0,0,1,0,0,0,0,0,0,0.0,174.5,0,0,0.0,0.0,0.0,0.0,0.0,0.0,0.0,0.0,0.0,0.0,0.0,0.0,0.0,0.0,174.5,0.0,0,4,0,698,0,BENIGN,0.97
172.217.170.174,192.168.100.214,443,49771,c8:1f:be:4e:a4:a6,b4:69:21:61:a7:3d,17,2023-03-22 18:16:52,92481166.12434387,192.2661742402002,2.032846339191139,1.0380491944805814,0.9947971447105572,96,92,9116,8665,680.0,70.0,94.95833333333333,92.40196569277565,512.0,75.0,94.18478260869566,82.25066794334651,680,70,94.57978723404256,87.58229574299993,7670.658527614305,768,736,8,96,494551.6905045127,12806838.989257812,0.476837158203125,1427288.2246831455,89279165.50636292,12825477.600097656,0.476837158203125,939780.6895406622,1879590.170999502,89280513.28659058,12823942.184448242,3800.3921508789062,981104.5416108854,1910164.0857783807,0,0,0,0,1,0,0,0,0,0,0,0.9583333333333334,94.57978723404256,0,0,11204678.058624268,2171619.415283203,5579569.673538208,2996732.0766176526,6405521.392822266,113251.92451477051,2392296.075820923,1543942.0056424502,578.5,4.0,0.0,0.0,5907.312217282701,0.0,94.95833333333333,94.18478260869566,0,96,92,9116,8665,BENIGN,0.93
192.168.100.214,108.177.15.188,59466,5228,b4:69:21:61:a7:3d,c8:1f:be:4e:a4:a6,6,2023-03-22 18:17:48,181816.33949279785,726.0073564797998,11.000111461815148,5.500055730907574,5.500055730907574,1,1,66,66,66.0,66.0,66.0,0.0,66.0,66.0,66.0,0.0,66,66,66.0,0.0,0.0,20,20,20,0,0.0,0.0,0.0,0.0,0,0.0,0.0,0.0,0.0,0.0,0.0,0.0,0.0,0.0,0,0,0,0,1,0,0,0,0,0,0,1.0,66.0,501,265,0.0,0.0,0.0,0.0,0.0,0.0,0.0,0.0,0.0,0.0,0.0,0.0,0.0,0.0,66.0,66.0,0,1,1,66,66,BENIGN,0.96
172.217.170.202,192.168.100.214,443,51083,c8:1f:be:4e:a4:a6,b4:69:21:61:a7:3d,17,2023-03-22 18:16:59,95120541.5725708,161.7736794345305,1.6295113278107765,0.8200121520596165,0.8094991757511599,78,77,7885,7503,757.0,64.0,101.08974358974359,115.1838203000257,1047.0,75.0,97.44155844155844,125.17068798260551,1047,64,99.27741935483871,120.26259094347272,14463.090780437047,624,616,8,78,617665.8543673429,6614494.08531189,0.7152557373046875,1522123.6767051143,88713762.76016235,6614494.08531189,0.7152557373046875,1152126.7890930176,1889637.8525635304,95119732.61833191,6637515.7833099365,7844.448089599609,1251575.4291885777,1988615.9395401797,0,0,0,0,1,0,0,0,0,0,0,0.9871794871794872,99.27741935483871,0,0,5009018.659591675,4795411.825180054,4849529.385566711,92086.34854970766,3202989.8166656494,210891.7236328125,2150408.0295562744,962317.652368027,0.0,0.0,0.0,0.0,0.0,0.0,101.08974358974359,97.44155844155844,0,78,77,7885,7503,BENIGN,0.93
192.168.100.214,13.107.42.14,39744,443,b4:69:21:61:a7:3d,c8:1f:be:4e:a4:a6,6,2023-03-22 18:17:10,90020051.24092102,103.24366484891716,0.544323173832251,0.2554986326151383,0.2888245412171128,23,26,6548,2746,1466.0,54.0,284.69565217391306,416.23346655062295,642.0,54.0,105.61538461538461,125.56214425935039,1466,54,189.6734693877551,312.52920763131436,97674.50562265722,460,520,20,19,1875417.7341858547,14908917.665481567,0.2384185791015625,4661936.234003898,77394306.4212799,15055973.052978516,41.961669921875,3517923.019149087,6035780.095483407,89802638.05389404,14908917.665481567,0.2384185791015625,3592105.5221557617,5971978.400435527,0,0,0,0,1,0,0,0,0,0,0,1.1304347826086956,189.6734693877551,9335,16386,13442327.976226807,4177.80876159668,8913178.84127299,6299909.891643443,14814080.715179443,41650.77209472656,7871385.145187378,5758544.34591242,4103.0,5.0,0.0,0.0,309769.2253082531,0.0,284.69565217391306,105.61538461538461,0,23,26,6548,2746,BENIGN,0.99
192.168.100.214,192.168.100.1,38944,53,b4:69:21:61:a7:3d,c8:1f:be:4e:a4:a6,17,2023-03-22 18:18:00,9950.876235961914,17083.922658552365,200.9873253947337,100.49366269736684,100.49366269736684,1,1,77,93,77.0,77.0,77.0,0.0,93.0,93.0,93.0,0.0,93,77,85.0,8.0,64.0,8,8,8,1,0.0,0.0,0.0,0.0,0,0.0,0.0,0.0,0.0,0.0,0.0,0.0,0.0,0.0,0,0,0,0,1,0,0,0,0,0,0,1.0,85.0,0,0,0.0,0.0,0.0,0.0,0.0,0.0,0.0,0.0,0.0,0.0,0.0,0.0,0.0,0.0,77.0,93.0,0,1,1,77,93,BENIGN,0.99
192.168.100.214,192.168.100.1,38798,53,b4:69:21:61:a7:3d,c8:1f:be:4e:a4:a6,17,2023-03-22 18:18:00,12054.681777954102,16425.153616423726,165.91064259013865,82.95532129506933,82.95532129506933,1,1,91,107,91.0,91.0,91.0,0.0,107.0,107.0,107.0,0.0,107,91,99.0,8.0,64.0,8,8,8,1,0.0,0.0,0.0,0.0,0,0.0,0.0,0.0,0.0,0.0,0.0,0.0,0.0,0.0,0,0,0,0,1,0,0,0,0,0,0,1.0,99.0,0,0,0.0,0.0,0.0,0.0,0.0,0.0,0.0,0.0,0.0,0.0,0.0,0.0,0.0,0.0,91.0,107.0,0,1,1,91,107,BENIGN,0.99
192.168.100.214,216.58.223.74,60914,443,b4:69:21:61:a7:3d,c8:1f:be:4e:a4:a6,17,2023-03-22 18:18:00,390448.57025146484,27243.024588742475,56.34544899429674,28.17272449714837,28.17272449714837,11,11,5009,5628,1292.0,75.0,455.3636363636364,527.2941688430357,1292.0,63.0,511.6363636363636,520.9086942724176,1292,63,483.5,524.8658486612642,275484.1590909091,88,88,8,11,18592.789059593564,204214.33448791504,0.2384185791015625,44405.5313603914,390448.57025146484,204214.33448791504,131.36863708496094,39044.857025146484,62969.239337299034,336084.36584472656,205685.37712097168,0.2384185791015625,33608.436584472656,62008.79211451351,0,0,0,0,1,0,0,0,0,0,0,1.0,483.5,0,0,0.0,0.0,0.0,0.0,0.0,0.0,0.0,0.0,0.0,0.0,3522.0,5.0,0.0,181681.4705383168,455.3636363636364,511.6363636363636,0,11,11,5009,5628,BENIGN,0.99
192.168.100.214,192.168.100.1,55730,53,b4:69:21:61:a7:3d,c8:1f:be:4e:a4:a6,17,2023-03-22 18:18:02,9857.892990112305,16839.29823203618,202.88311122935158,101.44155561467579,101.44155561467579,1,1,75,91,75.0,75.0,75.0,0.0,91.0,91.0,91.0,0.0,91,75,83.0,8.0,64.0,8,8,8,1,0.0,0.0,0.0,0.0,0,0.0,0.0,0.0,0.0,0.0,0.0,0.0,0.0,0.0,0,0,0,0,1,0,0,0,0,0,0,1.0,83.0,0,0,0.0,0.0,0.0,0.0,0.0,0.0,0.0,0.0,0.0,0.0,0.0,0.0,0.0,0.0,75.0,91.0,0,1,1,75,91,BENIGN,0.99
192.168.100.214,216.58.196.163,40807,443,b4:69:21:61:a7:3d,c8:1f:be:4e:a4:a6,17,2023-03-22 18:18:00,1463668.8232421875,5948.750059943914,12.981078573439113,6.14893195583958,6.832146617599533,9,10,3722,4985,1292.0,75.0,413.55555555555554,495.3048693282218,1292.0,63.0,498.5,497.8339582631944,1292,63,458.2631578947368,498.44535593501683,248447.77285318563,72,80,8,9,81314.93462456597,480135.2024078369,0.2384185791015625,173275.6262093047,1012930.154800415,494622.23052978516,168.80035400390625,126616.26935005188,207015.34584922367,982424.4976043701,479224.20501708984,0.2384185791015625,109158.27751159668,197310.12639714818,0,0,0,0,1,0,0,0,0,0,0,1.1111111111111112,458.2631578947368,0,0,0.0,0.0,0.0,0.0,0.0,0.0,0.0,0.0,1912.0,4.0,3494.0,5.0,1466089.442047532,275297.24373978545,413.55555555555554,498.5,0,9,10,3722,4985,BENIGN,0.99
192.168.100.214,172.217.170.195,57138,443,b4:69:21:61:a7:3d,c8:1f:be:4e:a4:a6,17,2023-03-22 18:18:02,290219.783782959,34608.25402416884,75.80461853163226,37.90230926581613,37.90230926581613,11,11,4134,5910,1292.0,75.0,375.8181818181818,473.60586186901685,1292.0,64.0,537.2727272727273,515.2046532308727,1292,64,456.54545454545456,501.3841502438051,251386.06611570253,88,88,8,11,13819.989703950429,115226.98402404785,0.0,30544.24038355009,276425.6000518799,132584.3334197998,73.19450378417969,27642.56000518799,48708.726404685076,246274.23286437988,115381.71768188477,0.0,24627.42328643799,42271.31326193072,0,0,0,0,1,0,0,0,0,0,0,1.0,456.54545454545456,0,0,0.0,0.0,0.0,0.0,0.0,0.0,0.0,0.0,0.0,0.0,2262.0,5.0,0.0,9487515648.0,375.8181818181818,537.2727272727273,0,11,11,4134,5910,BENIGN,0.98
192.168.100.214,172.217.170.197,44924,443,b4:69:21:61:a7:3d,c8:1f:be:4e:a4:a6,6,2023-03-22 18:18:06,15097.14126586914,8743.37715170083,132.47541138940653,66.23770569470327,66.23770569470327,1,1,66,66,66.0,66.0,66.0,0.0,66.0,66.0,66.0,0.0,66,66,66.0,0.0,0.0,20,20,20,0,0.0,0.0,0.0,0.0,0,0.0,0.0,0.0,0.0,0.0,0.0,0.0,0.0,0.0,0,0,0,0,1,0,0,0,0,0,0,1.0,66.0,501,284,0.0,0.0,0.0,0.0,0.0,0.0,0.0,0.0,0.0,0.0,0.0,0.0,0.0,0.0,66.0,66.0,0,1,1,66,66,BENIGN,0.96
104.18.3.161,192.168.100.214,443,55980,c8:1f:be:4e:a4:a6,b4:69:21:61:a7:3d,17,2023-03-22 18:18:13,4336799.621582031,1984.1820583956244,8.992806540084759,5.07286522774012,3.9199413123446387,22,17,7123,1482,1242.0,67.0,323.77272727272725,436.537193231436,90.0,87.0,87.17647058823529,0.7058823529411765,1242,67,220.64102564102564,348.22793060039015,121262.69165023015,176,136,8,22,114126.30583110609,388631.58226013184,0.476837158203125,82591.79098844372,4336799.621582031,388631.58226013184,0.476837158203125,206514.26769438243,115904.86293504476,4036533.832550049,484982.0137023926,7237.911224365234,252283.36453437805,115243.91714902667,0,0,0,0,1,0,0,0,0,0,0,0.7727272727272727,220.64102564102564,0,0,0.0,0.0,0.0,0.0,0.0,0.0,0.0,0.0,0.0,0.0,0.0,0.0,0.0,0.0,323.77272727272725,87.17647058823529,0,22,17,7123,1482,BENIGN,0.94
192.168.100.214,52.84.97.164,43856,443,b4:69:21:61:a7:3d,c8:1f:be:4e:a4:a6,6,2023-03-22 18:18:19,16834.497451782227,7841.041906839071,118.80366525513745,59.40183262756872,59.40183262756872,1,1,66,66,66.0,66.0,66.0,0.0,66.0,66.0,66.0,0.0,66,66,66.0,0.0,0.0,20,20,20,0,0.0,0.0,0.0,0.0,0,0.0,0.0,0.0,0.0,0.0,0.0,0.0,0.0,0.0,0,0,0,0,1,0,0,0,0,0,0,1.0,66.0,501,133,0.0,0.0,0.0,0.0,0.0,0.0,0.0,0.0,0.0,0.0,0.0,0.0,0.0,0.0,66.0,66.0,0,1,1,66,66,BENIGN,0.98
192.168.100.214,239.255.255.250,46650,1900,b4:69:21:61:a7:3d,01:00:5e:7f:ff:fa,17,2023-03-22 18:18:17,3021114.1109466553,284.6631965617883,1.3240148677292478,1.3240148677292478,0.0,4,0,860,0,215.0,215.0,215.0,0.0,0.0,0.0,0.0,0.0,215,215,215.0,0.0,0.0,32,0,8,4,1007038.0369822184,1008212.0895385742,1004987.9550933838,1454.7236332463847,3021114.1109466553,1008212.0895385742,1004987.9550933838,1007038.0369822184,1454.7236332463847,0.0,0.0,0.0,0.0,0.0,0,0,0,0,1,0,0,0,0,0,0,0.0,215.0,0,0,0.0,0.0,0.0,0.0,0.0,0.0,0.0,0.0,0.0,0.0,0.0,0.0,0.0,0.0,215.0,0.0,0,4,0,860,0,BENIGN,0.95
192.168.100.214,172.217.170.195,40583,443,b4:69:21:61:a7:3d,c8:1f:be:4e:a4:a6,17,2023-03-22 18:18:28,288263.55934143066,34988.81378916766,76.3190465359596,38.1595232679798,38.1595232679798,11,11,4161,5925,1292.0,75.0,378.27272727272725,475.6035573896109,1292.0,64.0,538.6363636363636,516.574252821108,1292,64,458.45454545454544,502.94430626721635,252952.9752066115,88,88,8,11,13726.836159115746,122290.84968566895,0.0,31501.831873202576,275385.61820983887,128830.6713104248,66.04194641113281,27538.561820983887,49243.12396461994,247299.6711730957,122434.61608886719,0.0,24729.96711730957,43169.7439775941,0,0,0,0,1,0,0,0,0,0,0,1.0,458.45454545454544,0,0,0.0,0.0,0.0,0.0,0.0,0.0,0.0,0.0,0.0,0.0,2262.0,5.0,0.0,14988176.379146919,378.27272727272725,538.6363636363636,0,11,11,4161,5925,BENIGN,0.98
192.168.100.214,172.217.170.195,34748,443,b4:69:21:61:a7:3d,c8:1f:be:4e:a4:a6,17,2023-03-22 18:18:33,384656.1908721924,31838.822019815725,75.39200119005929,38.995862684513426,36.39613850554586,15,14,5645,6602,1292.0,75.0,376.3333333333333,488.5997225632542,1292.0,64.0,471.57142857142856,485.8204715862073,1292,64,422.3103448275862,489.57857341611356,239687.17954815688,120,112,8,15,13737.7211025783,207689.2852783203,0.2384185791015625,41712.72147927176,384656.1908721924,207689.2852783203,137.56752014160156,27475.4422051566,60490.308651093925,341135.26344299316,208661.07940673828,0.2384185791015625,26241.174110999473,58676.87948265719,0,0,0,0,1,0,0,0,0,0,0,0.9333333333333333,422.3103448275862,0,0,0.0,0.0,0.0,0.0,0.0,0.0,0.0,0.0,1389.0,4.0,2262.0,5.0,1496503.5335217055,1185939456.0,376.3333333333333,471.57142857142856,0,15,14,5645,6602,BENIGN,0.98
192.168.100.214,108.177.15.188,59466,5228,b4:69:21:61:a7:3d,c8:1f:be:4e:a4:a6,6,2023-03-22 18:18:33,147118.80683898926,897.2340303470808,13.5944550052588,6.7972275026294,6.7972275026294,1,1,66,66,66.0,66.0,66.0,0.0,66.0,66.0,66.0,0.0,66,66,66.0,0.0,0.0,20,20,20,0,0.0,0.0,0.0,0.0,0,0.0,0.0,0.0,0.0,0.0,0.0,0.0,0.0,0.0,0,0,0,0,1,0,0,0,0,0,0,1.0,66.0,501,265,0.0,0.0,0.0,0.0,0.0,0.0,0.0,0.0,0.0,0.0,0.0,0.0,0.0,0.0,66.0,66.0,0,1,1,66,66,BENIGN,0.96
192.168.100.72,239.255.255.250,34171,1900,34:f3:9a:0b:3d:d0,b4:69:21:61:a7:3d,17,2023-03-22 18:18:42,3024954.319000244,282.9794799291086,1.3223340183603207,1.3223340183603207,0.0,4,0,856,0,214.0,214.0,214.0,0.0,0.0,0.0,0.0,0.0,214,214,214.0,0.0,0.0,32,0,8,4,1008318.1063334147,1056381.4640045166,962152.9579162598,38492.03587484032,3024954.319000244,1056381.4640045166,962152.9579162598,1008318.1063334147,38492.03587484032,0.0,0.0,0.0,0.0,0.0,0,0,0,0,1,0,0,0,0,0,0,0.0,214.0,0,0,0.0,0.0,0.0,0.0,1006419.8970794678,49961.56692504883,528190.7320022583,478229.1650772095,0.0,0.0,0.0,0.0,0.0,0.0,214.0,0.0,0,4,0,856,0,BENIGN,0.96
192.168.100.1,239.255.255.250,46347,1900,c8:1f:be:4e:a4:a6,b4:69:21:61:a7:3d,17,2023-03-22 18:18:44,1864942.3122406006,374.2743115530479,2.144838461622051,2.144838461622051,0.0,4,0,698,0,175.0,174.0,174.5,0.5,0.0,0.0,0.0,0.0,175,174,174.5,0.5,0.25,32,0,8,4,621647.4374135336,1333444.1184997559,202208.5189819336,505983.0639078902,1864942.3122406006,1333444.1184997559,202208.5189819336,621647.4374135336,505983.0639078902,0.0,0.0,0.0,0.0,0.0,0,0,0,0,1,0,0,0,0,0,0,0.0,174.5,0,0,0.0,0.0,0.0,0.0,0.0,0.0,0.0,0.0,0.0,0.0,0.0,0.0,0.0,0.0,174.5,0.0,0,4,0,698,0,BENIGN,0.97
192.168.100.214,172.217.170.197,44924,443,b4:69:21:61:a7:3d,c8:1f:be:4e:a4:a6,6,2023-03-22 18:18:51,11219.978332519531,11764.728601784955,178.2534636634084,89.1267318317042,89.1267318317042,1,1,66,66,66.0,66.0,66.0,0.0,66.0,66.0,66.0,0.0,66,66,66.0,0.0,0.0,20,20,20,0,0.0,0.0,0.0,0.0,0,0.0,0.0,0.0,0.0,0.0,0.0,0.0,0.0,0.0,0,0,0,0,1,0,0,0,0,0,0,1.0,66.0,501,284,0.0,0.0,0.0,0.0,0.0,0.0,0.0,0.0,0.0,0.0,0.0,0.0,0.0,0.0,66.0,66.0,0,1,1,66,66,BENIGN,0.96
192.168.100.214,192.168.100.1,39631,53,b4:69:21:61:a7:3d,c8:1f:be:4e:a4:a6,17,2023-03-22 18:19:01,6959.9151611328125,28448.62263633872,287.3598246094821,143.67991230474104,143.67991230474104,1,1,91,107,91.0,91.0,91.0,0.0,107.0,107.0,107.0,0.0,107,91,99.0,8.0,64.0,8,8,8,1,0.0,0.0,0.0,0.0,0,0.0,0.0,0.0,0.0,0.0,0.0,0.0,0.0,0.0,0,0,0,0,1,0,0,0,0,0,0,1.0,99.0,0,0,0.0,0.0,0.0,0.0,0.0,0.0,0.0,0.0,0.0,0.0,0.0,0.0,0.0,0.0,91.0,107.0,0,1,1,91,107,BENIGN,0.99
192.168.100.214,216.58.223.74,44646,443,b4:69:21:61:a7:3d,c8:1f:be:4e:a4:a6,17,2023-03-22 18:19:01,400196.3138580322,26774.359555448318,57.47179372611399,29.985283683189905,27.48651004292408,12,11,5093,5622,1292.0,75.0,424.4166666666667,515.2175039620538,1292.0,63.0,511.09090909090907,520.5083973727391,1292,63,465.8695652173913,519.5617973327494,269944.461247637,96,88,8,12,18190.741539001465,101255.17845153809,0.2384185791015625,27733.35411341565,365375.9956359863,102063.65585327148,142.09747314453125,33215.999603271484,41017.44090275251,298240.90003967285,83509.44519042969,0.2384185791015625,29824.090003967285,33830.92495980061,0,0,0,0,1,0,0,0,0,0,0,0.9166666666666666,465.8695652173913,0,0,0.0,0.0,0.0,0.0,0.0,0.0,0.0,0.0,1389.0,4.0,3522.0,5.0,51000.93893951729,122847.91298056532,424.4166666666667,511.09090909090907,0,12,11,5093,5622,BENIGN,0.99
192.168.100.214,192.168.100.1,60366,53,b4:69:21:61:a7:3d,c8:1f:be:4e:a4:a6,17,2023-03-22 18:19:02,4642.963409423828,46952.77149019205,430.75937146965185,215.37968573482593,215.37968573482593,1,1,80,138,80.0,80.0,80.0,0.0,138.0,138.0,138.0,0.0,138,80,109.0,29.0,841.0,8,8,8,1,0.0,0.0,0.0,0.0,0,0.0,0.0,0.0,0.0,0.0,0.0,0.0,0.0,0.0,0,0,0,0,1,0,0,0,0,0,0,1.0,109.0,0,0,0.0,0.0,0.0,0.0,0.0,0.0,0.0,0.0,0.0,0.0,0.0,0.0,0.0,0.0,80.0,138.0,0,1,1,80,138,BENIGN,0.99
192.168.100.214,216.58.223.67,44566,443,b4:69:21:61:a7:3d,c8:1f:be:4e:a4:a6,17,2023-03-22 18:19:02,325107.0976257324,34693.18289994558,64.59409884731424,30.759094689197255,33.83500415811698,10,11,4997,6282,1292.0,75.0,499.7,538.8929485528643,1292.0,63.0,571.0909090909091,526.8707715534763,1292,63,537.0952380952381,533.8215240144722,284965.4195011337,80,88,8,10,16255.354881286621,136228.3229827881,0.2384185791015625,32758.08367625748,314697.9808807373,137089.72930908203,177.3834228515625,34966.44232008192,47723.546289219026,289057.97004699707,136729.24041748047,0.2384185791015625,28905.797004699707,44889.77889682616,0,0,0,0,1,0,0,0,0,0,0,1.1,537.0952380952381,0,0,0.0,0.0,0.0,0.0,0.0,0.0,0.0,0.0,1900.0,4.0,3500.0,5.0,1194242.1099955044,330096.7799964022,499.7,571.0909090909091,0,10,11,4997,6282,BENIGN,0.99
192.168.100.214,192.168.100.1,37053,53,b4:69:21:61:a7:3d,c8:1f:be:4e:a4:a6,17,2023-03-22 18:19:02,23190.021514892578,7330.7392100014395,86.2439907058993,43.12199535294965,43.12199535294965,1,1,77,93,77.0,77.0,77.0,0.0,93.0,93.0,93.0,0.0,93,77,85.0,8.0,64.0,8,8,8,1,0.0,0.0,0.0,0.0,0,0.0,0.0,0.0,0.0,0.0,0.0,0.0,0.0,0.0,0,0,0,0,1,0,0,0,0,0,0,1.0,85.0,0,0,0.0,0.0,0.0,0.0,0.0,0.0,0.0,0.0,0.0,0.0,0.0,0.0,0.0,0.0,77.0,93.0,0,1,1,77,93,BENIGN,0.99
192.168.100.214,216.239.32.116,34045,443,b4:69:21:61:a7:3d,c8:1f:be:4e:a4:a6,17,2023-03-22 18:19:02,503531.69441223145,25497.898429187982,59.57916916236775,27.803612275771616,31.77555688659613,14,16,5443,7396,1292.0,75.0,388.7857142857143,486.73506706441873,1292.0,63.0,462.25,484.3073017207153,1292,63,427.96666666666664,486.8233412189226,236996.96555555557,112,128,8,14,17363.161876283844,144942.9988861084,0.2384185791015625,30625.788507474117,481129.40788269043,145656.10885620117,129.69970703125,37009.95445251465,42381.17263691028,458299.1600036621,173088.07373046875,0.2384185791015625,30553.277333577473,47476.944042770825,0,0,0,0,1,0,0,0,0,0,0,1.1428571428571428,427.96666666666664,0,0,0.0,0.0,0.0,0.0,0.0,0.0,0.0,0.0,0.0,0.0,3494.0,5.0,0.0,62732.860929420225,388.7857142857143,462.25,0,14,16,5443,7396,BENIGN,1.0
192.168.100.214,192.168.100.1,43663,53,b4:69:21:61:a7:3d,c8:1f:be:4e:a4:a6,17,2023-03-22 18:19:04,10179.996490478516,16306.488922197761,196.46372195418988,98.23186097709494,98.23186097709494,1,1,75,91,75.0,75.0,75.0,0.0,91.0,91.0,91.0,0.0,91,75,83.0,8.0,64.0,8,8,8,1,0.0,0.0,0.0,0.0,0,0.0,0.0,0.0,0.0,0.0,0.0,0.0,0.0,0.0,0,0,0,0,1,0,0,0,0,0,0,1.0,83.0,0,0,0.0,0.0,0.0,0.0,0.0,0.0,0.0,0.0,0.0,0.0,0.0,0.0,0.0,0.0,75.0,91.0,0,1,1,75,91,BENIGN,0.99
192.168.100.214,52.84.97.164,43856,443,b4:69:21:61:a7:3d,c8:1f:be:4e:a4:a6,6,2023-03-22 18:19:04,13519.525527954102,9763.656256062075,147.93418569791024,73.96709284895512,73.96709284895512,1,1,66,66,66.0,66.0,66.0,0.0,66.0,66.0,66.0,0.0,66,66,66.0,0.0,0.0,20,20,20,0,0.0,0.0,0.0,0.0,0,0.0,0.0,0.0,0.0,0.0,0.0,0.0,0.0,0.0,0,0,0,0,1,0,0,0,0,0,0,1.0,66.0,501,133,0.0,0.0,0.0,0.0,0.0,0.0,0.0,0.0,0.0,0.0,0.0,0.0,0.0,0.0,66.0,66.0,0,1,1,66,66,BENIGN,0.98
192.168.100.214,172.217.170.195,53900,443,b4:69:21:61:a7:3d,c8:1f:be:4e:a4:a6,17,2023-03-22 18:19:04,306787.01400756836,36931.15902135444,74.97057877238765,39.11508457689791,35.85549419548975,12,11,5420,5910,1292.0,75.0,451.6666666666667,519.7825400000359,1292.0,64.0,537.2727272727273,515.3106902035088,1292,64,492.60869565217394,519.4119366402601,269788.75992438564,96,88,8,12,13944.864273071289,132689.2375946045,0.2384185791015625,33250.283149887975,292829.0367126465,137899.16038513184,137.3291015625,26620.821519331497,51516.26610790179,261204.24270629883,133105.27801513672,0.2384185791015625,26120.424270629883,45592.6266442166,0,0,0,0,1,0,0,0,0,0,0,0.9166666666666666,492.60869565217394,0,0,0.0,0.0,0.0,0.0,0.0,0.0,0.0,0.0,1389.0,4.0,2262.0,5.0,1489616.0204551267,1355359378.2857144,451.6666666666667,537.2727272727273,0,12,11,5420,5910,BENIGN,0.98
35.201.127.49,192.168.100.214,443,58260,c8:1f:be:4e:a4:a6,b4:69:21:61:a7:3d,6,2023-03-22 18:18:22,90021398.7827301,250.9403353587271,3.0103953467116003,2.010633054445755,0.999762292265845,181,90,14130,8460,90.0,66.0,78.06629834254143,11.999816854009742,94.0,94.0,94.0,0.0,94,66,83.35793357933579,12.348608007186295,152.48811971514547,3620,1800,20,91,333412.58808418555,1468776.7028808594,119.68612670898438,464695.49381373025,90021398.7827301,1468776.7028808594,8207.321166992188,500118.88212627836,490457.2471312547,88987383.12721252,1482651.948928833,517649.17373657227,999858.2373844103,106691.33285795727,0,0,0,0,1,0,0,0,0,0,0,0.4972375690607735,83.35793357933579,269,501,440480.23223876953,243.4253692626953,116576.32480968129,133098.16958994363,1009982.5859069824,6616.353988647461,166298.0828966413,256900.5569363414,0.0,0.0,0.0,0.0,0.0,0.0,78.06629834254143,94.0,0,181,90,14130,8460,BENIGN,0.85
35.201.127.49,192.168.100.214,443,45994,c8:1f:be:4e:a4:a6,b4:69:21:61:a7:3d,6,2023-03-22 18:18:22,90007340.43121338,249.9796115761831,2.999755338914197,1.9998368926094647,0.9999184463047324,180,90,14040,8460,90.0,66.0,78.0,12.0,94.0,94.0,94.0,0.0,94,66,83.33333333333333,12.364824660660938,152.88888888888889,3600,1800,20,90,334599.7785546966,1362976.312637329,198.3642578125,465574.8342082914,90006909.37042236,1362976.312637329,8297.68180847168,502831.8959241473,491081.9708169981,88996901.27372742,1371653.0799865723,626931.4289093018,999965.1828508698,113512.04156760199,0,0,0,0,1,0,0,0,0,0,0,0.5,83.33333333333333,268,501,331298.5897064209,243.18695068359375,103696.02839152019,98925.55478430756,1009983.0627441406,10452.032089233398,140498.75736236572,224883.88317517188,0.0,0.0,0.0,0.0,0.0,0.0,78.0,94.0,0,180,90,14040,8460,BENIGN,0.85
35.201.127.49,192.168.100.214,443,58264,c8:1f:be:4e:a4:a6,b4:69:21:61:a7:3d,6,2023-03-22 18:18:23,90001770.49636841,252.03948627783166,3.0221627696865725,2.011071548945844,1.0110912207407283,181,91,14130,8554,90.0,66.0,78.06629834254143,11.999816854009742,94.0,94.0,94.0,0.0,94,66,83.3970588235294,12.34270409151323,152.34234429065745,3620,1820,20,91,332109.85423014173,1329648.733139038,138.75961303710938,460575.4043897474,90001323.4615326,1329648.733139038,8495.807647705078,500007.35256406997,485215.4084281027,90001224.27940369,1344670.5341339111,646182.0602416992,1000013.6031044854,96097.40592619649,0,0,0,0,1,0,0,0,0,0,0,0.5027624309392266,83.3970588235294,269,501,291547.7752685547,25048.73275756836,114109.75456237793,92893.09174575591,1014430.7613372803,25711.774826049805,181272.78486887613,265281.3895135338,0.0,0.0,0.0,0.0,0.0,0.0,78.06629834254143,94.0,0,181,91,14130,8554,BENIGN,0.86
192.168.100.214,108.177.15.188,59466,5228,b4:69:21:61:a7:3d,c8:1f:be:4e:a4:a6,6,2023-03-22 18:19:20,155613.66081237793,848.254576821191,12.85234207304835,6.426171036524175,6.426171036524175,1,1,66,66,66.0,66.0,66.0,0.0,66.0,66.0,66.0,0.0,66,66,66.0,0.0,0.0,20,20,20,0,0.0,0.0,0.0,0.0,0,0.0,0.0,0.0,0.0,0.0,0.0,0.0,0.0,0.0,0,0,0,0,1,0,0,0,0,0,0,1.0,66.0,501,265,0.0,0.0,0.0,0.0,0.0,0.0,0.0,0.0,0.0,0.0,0.0,0.0,0.0,0.0,66.0,66.0,0,1,1,66,66,BENIGN,0.96
172.217.170.174,192.168.100.214,443,49771,c8:1f:be:4e:a4:a6,b4:69:21:61:a7:3d,17,2023-03-22 18:18:25,97982776.6418457,128.91041092017446,1.0614110312483684,0.5613231415255795,0.500087889722789,55,49,6630,6001,688.0,71.0,120.54545454545455,141.1107647696812,515.0,75.0,122.46938775510205,121.41547862873813,688,71,121.45192307692308,132.2008146000514,17477.05538091716,440,392,8,55,951289.0936101525,15000209.80834961,0.0,3003719.6357811773,82979224.68185425,15023431.777954102,0.0,1536652.3089232268,3530473.754748786,95991302.96707153,15000209.80834961,11082.172393798828,1999818.8118139904,4154004.8362898,0,0,0,0,1,0,0,0,0,0,0,0.8909090909090909,121.45192307692308,0,0,13019951.581954956,382209.06257629395,7653589.646021525,5332288.816387299,13274550.199508667,1598788.4998321533,5422996.963773455,3767094.502375094,548.0,4.0,0.0,0.0,74036.99764857464,0.0,120.54545454545455,122.46938775510205,0,55,49,6630,6001,BENIGN,0.95
172.217.170.202,192.168.100.214,443,51083,c8:1f:be:4e:a4:a6,b4:69:21:61:a7:3d,17,2023-03-22 18:18:34,90483844.75708008,135.78114450136314,1.5803926146585487,0.7846704590262724,0.7957221556322763,71,72,5892,6394,162.0,64.0,82.98591549295774,29.779231328697357,565.0,75.0,88.80555555555556,80.24227877166211,565,64,85.91608391608392,60.75106796419434,3690.6922587901604,568,576,8,71,637210.1743456343,6717132.568359375,0.2384185791015625,1566248.2085104994,89676647.90153503,6717132.568359375,0.2384185791015625,1281094.9700219291,2047251.042975311,83766034.12628174,6431716.680526733,382.1849822998047,1179803.2975532638,1935368.9715427128,0,0,0,0,1,0,0,0,0,0,0,1.0140845070422535,85.91608391608392,0,0,5114638.328552246,4797528.028488159,4878617.763519287,136274.88623778027,6717132.568359375,1596808.910369873,2879966.2325117323,1551195.948133389,0.0,0.0,137.0,4.0,0.0,518.7769416680284,82.98591549295774,88.80555555555556,0,71,72,5892,6394,BENIGN,0.95
192.168.100.123,224.0.0.251,5353,5353,da:94:86:4d:80:58,b4:69:21:61:a7:3d,17,2023-03-22 18:18:28,100011157.5126648,7.13920344247174,0.059993306239258325,0.059993306239258325,0.0,6,0,714,0,119.0,119.0,119.0,0.0,0.0,0.0,0.0,0.0,119,119,119.0,0.0,0.0,48,0,8,6,20002231.50253296,20142613.410949707,19837102.89001465,109010.54951333071,100011157.5126648,20142613.410949707,19837102.89001465,20002231.50253296,109010.54951333071,0.0,0.0,0.0,0.0,0.0,0,0,0,0,1,0,0,0,0,0,0,0.0,119.0,0,0,0.0,0.0,0.0,0.0,20142613.410949707,262772.798538208,10202693.104743958,9939920.30620575,0.0,0.0,0.0,0.0,0.0,0.0,119.0,0.0,0,6,0,714,0,BENIGN,0.93
192.168.100.214,192.168.100.1,55785,53,b4:69:21:61:a7:3d,c8:1f:be:4e:a4:a6,17,2023-03-22 18:19:28,13607.501983642578,12199.15309948488,146.9777481865648,73.4888740932824,73.4888740932824,1,1,75,91,75.0,75.0,75.0,0.0,91.0,91.0,91.0,0.0,91,75,83.0,8.0,64.0,8,8,8,1,0.0,0.0,0.0,0.0,0,0.0,0.0,0.0,0.0,0.0,0.0,0.0,0.0,0.0,0,0,0,0,1,0,0,0,0,0,0,1.0,83.0,0,0,0.0,0.0,0.0,0.0,0.0,0.0,0.0,0.0,0.0,0.0,0.0,0.0,0.0,0.0,75.0,91.0,0,1,1,75,91,BENIGN,0.99
192.168.100.214,172.217.170.195,42265,443,b4:69:21:61:a7:3d,c8:1f:be:4e:a4:a6,17,2023-03-22 18:19:28,299724.817276001,27865.560402724605,66.72787452759724,33.36393726379862,33.36393726379862,10,10,3725,4627,1292.0,75.0,372.5,478.04105472229054,1292.0,64.0,462.7,479.150091307515,1292,64,417.6,480.7161740570001,231088.04000000004,80,80,8,10,15774.99038294742,93971.01402282715,0.2384185791015625,27620.696561290973,297651.5293121338,149093.1510925293,173.5687255859375,33072.39214579264,48255.86202073554,246583.2233428955,105691.43295288086,0.2384185791015625,27398.13592698839,40022.57817683422,0,0,0,0,1,0,0,0,0,0,0,1.0,417.6,0,0,0.0,0.0,0.0,0.0,0.0,0.0,0.0,0.0,1389.0,4.0,3512.0,6.0,1214485.7736085053,37372.56285170621,372.5,462.7,0,10,10,3725,4627,BENIGN,0.99
192.168.100.214,13.107.42.14,39744,443,b4:69:21:61:a7:3d,c8:1f:be:4e:a4:a6,6,2023-03-22 18:18:40,90123380.66101074,86.96966250613458,0.4771236907072961,0.22191799567781215,0.255205695029484,20,23,5417,2421,1466.0,54.0,270.85,443.13262969454195,957.0,54.0,105.26086956521739,182.69342754683075,1466,54,182.27906976744185,340.59887923871617,116007.59653866958,400,460,20,17,2145794.777643113,14843451.023101807,0.2384185791015625,5058530.61833038,89980443.95446777,15047770.738601685,7.8678131103515625,4735812.83970883,6763217.17991345,89918536.66305542,14843451.023101807,0.2384185791015625,4087206.2119570645,6403976.274863831,0,0,0,0,1,0,0,0,0,0,0,1.15,182.27906976744185,9335,16382,0.0,0.0,0.0,0.0,14843451.023101807,20765.304565429688,7036936.402320862,6290031.965525298,0.0,0.0,0.0,0.0,0.0,0.0,270.85,105.26086956521739,0,20,23,5417,2421,BENIGN,1.0
192.168.100.214,172.217.170.195,36909,443,b4:69:21:61:a7:3d,c8:1f:be:4e:a4:a6,17,2023-03-22 18:19:35,302017.2119140625,36984.6470974587,72.84353054110039,36.421765270550196,36.421765270550196,11,11,5262,5908,1292.0,75.0,478.3636363636364,534.8816815176423,1292.0,64.0,537.0909090909091,516.5543981818291,1292,64,507.72727272727275,526.6171786910886,277325.652892562,88,88,8,11,14381.771995907739,94197.51167297363,0.2384185791015625,25450.6349855093,302017.2119140625,115177.15454101562,179.05235290527344,30201.72119140625,40088.720083328975,250231.0276031494,124312.6392364502,0.2384185791015625,25023.10276031494,41700.620658908374,0,0,0,0,1,0,0,0,0,0,0,1.0,507.72727272727275,0,0,0.0,0.0,0.0,0.0,0.0,0.0,0.0,0.0,1389.0,4.0,3512.0,6.0,1032043.9780336581,324665.439333495,478.3636363636364,537.0909090909091,0,11,11,5262,5908,BENIGN,0.98
192.168.100.214,192.168.100.1,57581,53,b4:69:21:61:a7:3d,c8:1f:be:4e:a4:a6,17,2023-03-22 18:19:35,10213.851928710938,15273.375910364146,195.8125116713352,97.9062558356676,97.9062558356676,1,1,70,86,70.0,70.0,70.0,0.0,86.0,86.0,86.0,0.0,86,70,78.0,8.0,64.0,8,8,8,1,0.0,0.0,0.0,0.0,0,0.0,0.0,0.0,0.0,0.0,0.0,0.0,0.0,0.0,0,0,0,0,1,0,0,0,0,0,0,1.0,78.0,0,0,0.0,0.0,0.0,0.0,0.0,0.0,0.0,0.0,0.0,0.0,0.0,0.0,0.0,0.0,70.0,86.0,0,1,1,70,86,BENIGN,0.99
192.168.100.214,172.217.170.174,46781,443,b4:69:21:61:a7:3d,c8:1f:be:4e:a4:a6,17,2023-03-22 18:19:35,333351.37367248535,35197.095097401834,68.99626585189142,35.99805174881292,32.99821410307851,12,11,5469,6264,1292.0,75.0,455.75,522.8446431143129,1292.0,63.0,569.4545454545455,528.5749905748067,1292,63,510.1304347826087,528.6531125620562,279474.1134215501,96,88,8,12,15152.335166931152,102079.15306091309,0.2384185791015625,27010.76551691542,326922.4166870117,111984.2529296875,215.05355834960938,29720.219698819248,38259.966500165094,292644.9775695801,129323.95935058594,0.2384185791015625,29264.497756958008,45419.91953940872,0,0,0,0,1,0,0,0,0,0,0,0.9166666666666666,510.1304347826087,0,0,0.0,0.0,0.0,0.0,0.0,0.0,0.0,0.0,1005.0,4.0,2230.0,4.0,579977.3692900385,1558882986.6666667,455.75,569.4545454545455,0,12,11,5469,6264,BENIGN,0.98
192.168.100.214,172.217.170.197,44924,443,b4:69:21:61:a7:3d,c8:1f:be:4e:a4:a6,6,2023-03-22 18:19:37,17807.960510253906,7412.4153590746,112.30932362234242,56.15466181117121,56.15466181117121,1,1,66,66,66.0,66.0,66.0,0.0,66.0,66.0,66.0,0.0,66,66,66.0,0.0,0.0,20,20,20,0,0.0,0.0,0.0,0.0,0,0.0,0.0,0.0,0.0,0.0,0.0,0.0,0.0,0.0,0,0,0,0,1,0,0,0,0,0,0,1.0,66.0,501,284,0.0,0.0,0.0,0.0,0.0,0.0,0.0,0.0,0.0,0.0,0.0,0.0,0.0,0.0,66.0,66.0,0,1,1,66,66,BENIGN,0.96
192.168.100.1,239.255.255.250,46347,1900,c8:1f:be:4e:a4:a6,b4:69:21:61:a7:3d,17,2023-03-22 18:19:47,1856269.359588623,376.0230143294975,2.1548596809713327,2.1548596809713327,0.0,4,0,698,0,175.0,174.0,174.5,0.5,0.0,0.0,0.0,0.0,175,174,174.5,0.5,0.25,32,0,8,4,618756.4531962076,1299981.1172485352,212969.30313110352,484629.09466334066,1856269.359588623,1299981.1172485352,212969.30313110352,618756.4531962076,484629.09466334066,0.0,0.0,0.0,0.0,0.0,0,0,0,0,1,0,0,0,0,0,0,0.0,174.5,0,0,0.0,0.0,0.0,0.0,0.0,0.0,0.0,0.0,0.0,0.0,0.0,0.0,0.0,0.0,174.5,0.0,0,4,0,698,0,BENIGN,0.97
192.168.100.214,192.168.100.1,40456,53,b4:69:21:61:a7:3d,c8:1f:be:4e:a4:a6,17,2023-03-22 18:20:02,4450.798034667969,44486.404113991855,449.35761731304905,224.67880865652452,224.67880865652452,1,1,91,107,91.0,91.0,91.0,0.0,107.0,107.0,107.0,0.0,107,91,99.0,8.0,64.0,8,8,8,1,0.0,0.0,0.0,0.0,0,0.0,0.0,0.0,0.0,0.0,0.0,0.0,0.0,0.0,0,0,0,0,1,0,0,0,0,0,0,1.0,99.0,0,0,0.0,0.0,0.0,0.0,0.0,0.0,0.0,0.0,0.0,0.0,0.0,0.0,0.0,0.0,91.0,107.0,0,1,1,91,107,BENIGN,0.99
192.168.100.214,216.58.223.74,54336,443,b4:69:21:61:a7:3d,c8:1f:be:4e:a4:a6,17,2023-03-22 18:20:02,442335.3672027588,24678.10808127467,58.778930937444244,29.389465468722122,29.389465468722122,13,13,5164,5752,1292.0,75.0,397.2307692307692,503.8675274386121,1292.0,63.0,442.46153846153845,505.38585645556554,1292,63,419.84615384615387,505.133774536523,255160.13017751483,104,104,8,13,17693.41468811035,176001.54876708984,0.2384185791015625,36478.3437808126,442335.3672027588,176001.54876708984,133.27598571777344,36861.2806002299,51244.75894419897,405772.6860046387,214077.23426818848,0.2384185791015625,33814.39050038656,59658.861125125535,0,0,0,0,1,0,0,0,0,0,0,1.0,419.84615384615387,0,0,0.0,0.0,0.0,0.0,0.0,0.0,0.0,0.0,0.0,0.0,3522.0,5.0,0.0,109545.6369474457,397.2307692307692,442.46153846153845,0,13,13,5164,5752,BENIGN,1.0
192.168.100.214,52.84.97.164,43856,443,b4:69:21:61:a7:3d,c8:1f:be:4e:a4:a6,6,2023-03-22 18:19:49,14702252.626419067,29.58730277959794,0.40810072799445435,0.13603357599815144,0.2720671519963029,2,4,132,303,66.0,66.0,66.0,0.0,105.0,66.0,75.75,16.887495373796554,105,66,72.5,14.534441853748634,211.25,40,80,20,0,2940450.5252838135,14672922.849655151,0.7152557373046875,5866239.456843439,0,0.0,0.0,0.0,0.0,14688077.688217163,14672922.849655151,0.7152557373046875,4896025.896072388,6913312.9027587455,0,0,0,0,1,0,0,0,0,0,0,2.0,72.5,501,133,0.0,0.0,0.0,0.0,0.0,0.0,0.0,0.0,0.0,0.0,0.0,0.0,0.0,0.0,66.0,75.75,0,2,4,132,303,BENIGN,0.97
192.168.100.214,108.177.15.188,59466,5228,b4:69:21:61:a7:3d,c8:1f:be:4e:a4:a6,6,2023-03-22 18:20:05,162912.13035583496,810.252739999678,12.276556666661788,6.138278333330894,6.138278333330894,1,1,66,66,66.0,66.0,66.0,0.0,66.0,66.0,66.0,0.0,66,66,66.0,0.0,0.0,20,20,20,0,0.0,0.0,0.0,0.0,0,0.0,0.0,0.0,0.0,0.0,0.0,0.0,0.0,0.0,0,0,0,0,1,0,0,0,0,0,0,1.0,66.0,501,265,0.0,0.0,0.0,0.0,0.0,0.0,0.0,0.0,0.0,0.0,0.0,0.0,0.0,0.0,66.0,66.0,0,1,1,66,66,BENIGN,0.96
192.168.100.214,192.168.100.1,59571,53,b4:69:21:61:a7:3d,c8:1f:be:4e:a4:a6,17,2023-03-22 18:20:06,11425.256729125977,14529.213998038438,175.05077106070408,87.52538553035204,87.52538553035204,1,1,75,91,75.0,75.0,75.0,0.0,91.0,91.0,91.0,0.0,91,75,83.0,8.0,64.0,8,8,8,1,0.0,0.0,0.0,0.0,0,0.0,0.0,0.0,0.0,0.0,0.0,0.0,0.0,0.0,0,0,0,0,1,0,0,0,0,0,0,1.0,83.0,0,0,0.0,0.0,0.0,0.0,0.0,0.0,0.0,0.0,0.0,0.0,0.0,0.0,0.0,0.0,75.0,91.0,0,1,1,75,91,BENIGN,0.99
192.168.100.214,172.217.170.195,55499,443,b4:69:21:61:a7:3d,c8:1f:be:4e:a4:a6,17,2023-03-22 18:20:06,306876.18255615234,36405.56235724075,71.6901514374594,35.8450757187297,35.8450757187297,11,11,5264,5908,1292.0,75.0,478.54545454545456,534.7598209623667,1292.0,64.0,537.0909090909091,515.4762060544255,1292,64,507.8181818181818,526.0216584171862,276698.785123967,88,88,8,11,14613.151550292969,81582.54623413086,0.2384185791015625,21177.285775136646,306876.18255615234,89347.36251831055,132.08389282226562,30687.618255615234,33924.74208823446,248362.30278015137,113899.23095703125,0.2384185791015625,24836.230278015137,36196.40360374526,0,0,0,0,1,0,0,0,0,0,0,1.0,507.8181818181818,0,0,0.0,0.0,0.0,0.0,0.0,0.0,0.0,0.0,1389.0,4.0,3512.0,6.0,1621003.9666110184,107120.80144278318,478.54545454545456,537.0909090909091,0,11,11,5264,5908,BENIGN,0.98
192.168.100.214,239.255.255.250,48464,1900,b4:69:21:61:a7:3d,01:00:5e:7f:ff:fa,17,2023-03-22 18:20:17,3013320.207595825,285.39947325616293,1.327439410493781,1.327439410493781,0.0,4,0,860,0,215.0,215.0,215.0,0.0,0.0,0.0,0.0,0.0,215,215,215.0,0.0,0.0,32,0,8,4,1004440.0691986084,1005855.3218841553,1002854.8240661621,1230.8316600162595,3013320.207595825,1005855.3218841553,1002854.8240661621,1004440.0691986084,1230.8316600162595,0.0,0.0,0.0,0.0,0.0,0,0,0,0,1,0,0,0,0,0,0,0.0,215.0,0,0,0.0,0.0,0.0,0.0,0.0,0.0,0.0,0.0,0.0,0.0,0.0,0.0,0.0,0.0,215.0,0.0,0,4,0,860,0,BENIGN,0.96
192.168.100.214,172.217.170.195,55667,443,b4:69:21:61:a7:3d,c8:1f:be:4e:a4:a6,17,2023-03-22 18:20:29,313388.1092071533,36542.54792555033,76.5823568121907,38.29117840609535,38.29117840609535,12,12,5366,6086,1292.0,75.0,447.1666666666667,525.3481121017653,1292.0,64.0,507.1666666666667,505.5936829334621,1292,64,477.1666666666667,516.4376105160773,266707.80555555556,96,96,8,12,13625.569965528406,64604.04396057129,0.2384185791015625,19718.22046969525,273937.7021789551,94549.17907714844,165.9393310546875,24903.4274708141,31260.017470780665,276659.2502593994,73494.91119384766,0.2384185791015625,25150.840932672672,27916.340133502497,0,0,0,0,1,0,0,0,0,0,0,1.0,477.1666666666667,0,0,0.0,0.0,0.0,0.0,0.0,0.0,0.0,0.0,1389.0,4.0,3512.0,6.0,1248048.0411311055,132628.6017017062,447.1666666666667,507.1666666666667,0,12,12,5366,6086,BENIGN,0.99
192.168.100.214,172.217.170.197,44924,443,b4:69:21:61:a7:3d,c8:1f:be:4e:a4:a6,6,2023-03-22 18:20:22,13784107.685089111,34.024690659326346,0.4352838890318936,0.2176419445159468,0.2176419445159468,3,3,198,271,66.0,66.0,66.0,0.0,139.0,66.0,90.33333333333333,34.41253001774531,139,66,78.16666666666667,27.205493726247443,740.138888888889,60,60,20,0,2756821.5370178223,13760482.31124878,87.26119995117188,5501832.980386145,13784107.685089111,13775761.604309082,8346.080780029297,6892053.842544556,6883707.761764526,13769406.795501709,13760482.31124878,8924.484252929688,6884703.3977508545,6875778.913497925,0,0,0,0,1,0,0,0,0,0,0,1.0,78.16666666666667,501,284,0.0,0.0,0.0,0.0,0.0,0.0,0.0,0.0,0.0,0.0,0.0,0.0,0.0,0.0,66.0,90.33333333333333,0,3,3,198,271,BENIGN,0.99
192.168.100.214,172.217.170.195,50623,443,b4:69:21:61:a7:3d,c8:1f:be:4e:a4:a6,17,2023-03-22 18:20:37,373569.7269439697,31985.99655745709,69.59878738755413,34.79939369377706,34.79939369377706,13,13,5411,6538,1292.0,75.0,416.2307692307692,513.1243894546959,1292.0,64.0,502.9230769230769,490.32304289165586,1292,64,459.5769230769231,503.72170071890685,253735.55177514793,104,104,8,13,14942.789077758789,176564.45503234863,0.476837158203125,37359.39043412283,373569.7269439697,176564.45503234863,149.9652862548828,31130.810578664143,54402.56166333363,331631.1836242676,208545.68481445312,0.476837158203125,27635.931968688965,60359.767487707366,0,0,0,0,1,0,0,0,0,0,0,1.0,459.5769230769231,0,0,0.0,0.0,0.0,0.0,0.0,0.0,0.0,0.0,1389.0,4.0,3512.0,6.0,1627343.0882681564,1836249.769134879,416.2307692307692,502.9230769230769,0,13,13,5411,6538,BENIGN,0.99
192.168.100.214,192.168.100.1,43785,53,b4:69:21:61:a7:3d,c8:1f:be:4e:a4:a6,17,2023-03-22 18:20:43,18680.810928344727,12312.099345270763,107.06173343713706,53.53086671856853,53.53086671856853,1,1,75,155,75.0,75.0,75.0,0.0,155.0,155.0,155.0,0.0,155,75,115.0,40.0,1600.0,8,8,8,1,0.0,0.0,0.0,0.0,0,0.0,0.0,0.0,0.0,0.0,0.0,0.0,0.0,0.0,0,0,0,0,1,0,0,0,0,0,0,1.0,115.0,0,0,0.0,0.0,0.0,0.0,0.0,0.0,0.0,0.0,0.0,0.0,0.0,0.0,0.0,0.0,75.0,155.0,0,1,1,75,155,BENIGN,0.99
35.201.127.49,192.168.100.214,443,45994,c8:1f:be:4e:a4:a6,b4:69:21:61:a7:3d,6,2023-03-22 18:19:52,90914493.08395386,252.56699147842167,3.0248202533126887,2.001881040374216,1.022939212938473,182,93,14220,8742,90.0,66.0,78.13186813186813,11.93315520779731,94.0,94.0,94.0,0.0,94,66,83.49818181818182,12.271881991092718,150.59908760330578,3640,1860,20,91,331804.71928450314,1313064.5751953125,134.94491577148438,455435.3705473611,90913972.3777771,1313064.5751953125,8089.303970336914,502287.14020871324,478310.6194732292,89920738.45863342,1339438.9152526855,218845.12901306152,977399.3310721024,137278.09057569,0,0,0,0,1,0,0,0,0,0,0,0.510989010989011,83.49818181818182,268,501,312504.52995300293,4015.4457092285156,72057.69750807021,90845.73956584428,1024796.0090637207,5003.929138183594,155283.57028961182,276394.59922462876,0.0,0.0,0.0,0.0,0.0,0.0,78.13186813186813,94.0,0,182,93,14220,8742,BENIGN,0.85
192.168.100.214,35.201.127.49,58260,443,b4:69:21:61:a7:3d,c8:1f:be:4e:a4:a6,6,2023-03-22 18:19:52,90962371.82617188,254.36891689913793,3.045215229538474,1.044387894607058,2.000827334931416,95,182,8930,14208,94.0,94.0,94.0,0.0,90.0,66.0,78.06593406593407,11.96680591919751,94,66,83.53068592057761,12.300536980100787,151.30320999882701,1900,3640,20,95,329573.81096439087,1386078.119277954,108.24203491210938,457179.7071111795,90962371.82617188,1450306.4155578613,104866.98150634766,967684.8066614029,181395.4842100187,90948950.05226135,1386078.119277954,8674.383163452148,502480.38702906825,485386.27025830816,0,0,0,0,1,0,0,0,0,0,0,1.9157894736842105,83.53068592057761,501,269,376031.16035461426,611.0668182373047,114744.98112996419,128842.81840769526,1008265.7337188721,7150.173187255859,148466.26349857874,255248.38550462524,112.0,4.0,0.0,0.0,120.75452949612401,0.0,94.0,78.06593406593407,0,95,182,8930,14208,BENIGN,0.86
35.201.127.49,192.168.100.214,443,58264,c8:1f:be:4e:a4:a6,b4:69:21:61:a7:3d,6,2023-03-22 18:19:53,90975237.84637451,253.4315990350424,3.0337925630496057,2.0005443712863342,1.0332481917632714,182,94,14220,8836,90.0,66.0,78.13186813186813,11.933155207797311,94.0,94.0,94.0,0.0,94,66,83.53623188405797,12.265870772240438,150.45158580130226,3640,1880,20,91,330819.0467140891,1766489.9826049805,179.290771484375,462492.627624499,90974879.98008728,1766489.9826049805,8708.715438842773,502623.64629882475,489567.2959199548,89989154.33883667,1784549.9515533447,189154.38652038574,967625.3154713621,211402.02740944244,0,0,0,0,1,0,0,0,0,0,0,0.5164835164835165,83.53623188405797,269,501,747849.9412536621,4340.648651123047,221363.54446411133,250709.7823393895,1014972.448348999,5694.150924682617,216123.15911513107,314452.9797640538,0.0,0.0,0.0,0.0,0.0,0.0,78.13186813186813,94.0,0,182,94,14220,8836,BENIGN,0.84
192.168.100.72,239.255.255.250,42647,1900,34:f3:9a:0b:3d:d0,b4:69:21:61:a7:3d,17,2023-03-22 18:20:42,3004300.594329834,284.9248845523552,1.331424694169884,1.331424694169884,0.0,4,0,856,0,214.0,214.0,214.0,0.0,0.0,0.0,0.0,0.0,214,214,214.0,0.0,0.0,32,0,8,4,1001433.531443278,1024267.1966552734,973659.7537994385,20953.628981333924,3004300.594329834,1024267.1966552734,973659.7537994385,1001433.531443278,20953.628981333924,0.0,0.0,0.0,0.0,0.0,0,0,0,0,1,0,0,0,0,0,0,0.0,214.0,0,0,0.0,0.0,0.0,0.0,0.0,0.0,0.0,0.0,0.0,0.0,0.0,0.0,0.0,0.0,214.0,0.0,0,4,0,856,0,BENIGN,0.96
192.168.100.214,192.168.100.1,55629,53,b4:69:21:61:a7:3d,c8:1f:be:4e:a4:a6,17,2023-03-22 18:20:51,21241.90330505371,7343.974678713733,94.15352152197093,47.076760760985465,47.076760760985465,1,1,70,86,70.0,70.0,70.0,0.0,86.0,86.0,86.0,0.0,86,70,78.0,8.0,64.0,8,8,8,1,0.0,0.0,0.0,0.0,0,0.0,0.0,0.0,0.0,0.0,0.0,0.0,0.0,0.0,0,0,0,0,1,0,0,0,0,0,0,1.0,78.0,0,0,0.0,0.0,0.0,0.0,0.0,0.0,0.0,0.0,0.0,0.0,0.0,0.0,0.0,0.0,70.0,86.0,0,1,1,70,86,BENIGN,0.99
192.168.100.214,172.217.170.174,59136,443,b4:69:21:61:a7:3d,c8:1f:be:4e:a4:a6,17,2023-03-22 18:20:51,330368.9956665039,35569.318411047956,63.565286922985884,30.269184249040897,33.296102673944986,10,11,5480,6271,1292.0,75.0,548.0,565.1178638124971,1292.0,63.0,570.0909090909091,526.7782791382925,1292,63,559.5714285714286,545.4830599638113,297551.76870748296,80,88,8,10,16518.449783325195,129487.27607727051,0.2384185791015625,32746.25839971307,319938.65966796875,130421.87690734863,168.08509826660156,35548.73996310764,49839.853304512326,291408.0619812012,130190.37246704102,0.2384185791015625,29140.806198120117,45590.419954337354,0,0,0,0,1,0,0,0,0,0,0,1.1,559.5714285714286,0,0,0.0,0.0,0.0,0.0,0.0,0.0,0.0,0.0,2381.0,4.0,3483.0,5.0,1504918.297769741,1509949.44,548.0,570.0909090909091,0,10,11,5480,6271,BENIGN,0.99
192.168.100.1,239.255.255.250,46347,1900,c8:1f:be:4e:a4:a6,b4:69:21:61:a7:3d,17,2023-03-22 18:20:50,1834067.5830841064,380.5748525505623,2.180944713756804,2.180944713756804,0.0,4,0,698,0,175.0,174.0,174.5,0.5,0.0,0.0,0.0,0.0,175,174,174.5,0.5,0.25,32,0,8,4,611355.8610280355,1300493.7171936035,259408.23554992676,487331.29304790054,1834067.5830841064,1300493.7171936035,259408.23554992676,611355.8610280355,487331.29304790054,0.0,0.0,0.0,0.0,0.0,0,0,0,0,1,0,0,0,0,0,0,0.0,174.5,0,0,0.0,0.0,0.0,0.0,0.0,0.0,0.0,0.0,0.0,0.0,0.0,0.0,0.0,0.0,174.5,0.0,0,4,0,698,0,BENIGN,0.97
192.168.100.214,108.177.15.188,59466,5228,b4:69:21:61:a7:3d,c8:1f:be:4e:a4:a6,6,2023-03-22 18:20:52,145436.28692626953,907.6139304004564,13.751726218188733,6.875863109094366,6.875863109094366,1,1,66,66,66.0,66.0,66.0,0.0,66.0,66.0,66.0,0.0,66,66,66.0,0.0,0.0,20,20,20,0,0.0,0.0,0.0,0.0,0,0.0,0.0,0.0,0.0,0.0,0.0,0.0,0.0,0.0,0,0,0,0,1,0,0,0,0,0,0,1.0,66.0,501,265,0.0,0.0,0.0,0.0,0.0,0.0,0.0,0.0,0.0,0.0,0.0,0.0,0.0,0.0,66.0,66.0,0,1,1,66,66,BENIGN,0.96
172.217.170.202,192.168.100.214,443,51083,c8:1f:be:4e:a4:a6,b4:69:21:61:a7:3d,17,2023-03-22 18:20:05,91455783.60557556,102.27893339519467,1.2574382446490686,0.6341862451273563,0.6232519995217123,58,57,4582,4772,163.0,65.0,79.0,26.774279989675115,568.0,75.0,83.71929824561404,64.71604762777292,568,65,81.3391304347826,49.42660557204279,2442.989338374291,464,456,8,58,802243.7158383821,6737815.380096436,1.6689300537109375,1726113.8962219818,85048094.03419495,6737815.380096436,1.6689300537109375,1492071.8251613148,2086097.1864327162,89847716.33148193,6760493.516921997,8845.56770324707,1604423.5059193203,2197905.797532031,0,0,0,0,1,0,0,0,0,0,0,0.9827586206896551,81.3391304347826,0,0,5129904.508590698,4797858.476638794,4883319.4971084595,142385.90358517983,3204392.910003662,329550.02784729004,2161747.2966512046,942037.3266301994,0.0,0.0,0.0,0.0,0.0,0.0,79.0,83.71929824561404,0,58,57,4582,4772,BENIGN,0.92
192.168.100.214,192.168.100.1,48065,53,b4:69:21:61:a7:3d,c8:1f:be:4e:a4:a6,17,2023-03-22 18:21:02,154786.1099243164,1279.1845476109793,12.921056036474539,6.4605280182372695,6.4605280182372695,1,1,91,107,91.0,91.0,91.0,0.0,107.0,107.0,107.0,0.0,107,91,99.0,8.0,64.0,8,8,8,1,0.0,0.0,0.0,0.0,0,0.0,0.0,0.0,0.0,0.0,0.0,0.0,0.0,0.0,0,0,0,0,1,0,0,0,0,0,0,1.0,99.0,0,0,0.0,0.0,0.0,0.0,0.0,0.0,0.0,0.0,0.0,0.0,0.0,0.0,0.0,0.0,91.0,107.0,0,1,1,91,107,BENIGN,0.99
192.168.100.214,172.217.170.202,46958,443,b4:69:21:61:a7:3d,c8:1f:be:4e:a4:a6,17,2023-03-22 18:21:03,436282.8731536865,25116.731997269802,55.01018141398752,27.50509070699376,27.50509070699376,12,12,5089,5869,1292.0,75.0,424.0833333333333,515.4933653522829,1292.0,63.0,489.0833333333333,503.55344938634755,1292,63,456.5833333333333,510.59376519455816,260705.9930555556,96,96,8,12,18968.820571899414,206506.01387023926,0.2384185791015625,42876.05152474902,436282.8731536865,206506.01387023926,103.95050048828125,39662.079377607864,59645.4717295667,391567.4686431885,214379.78744506836,0.2384185791015625,35597.042603926224,62462.174098733056,0,0,0,0,1,0,0,0,0,0,0,1.0,456.5833333333333,0,0,0.0,0.0,0.0,0.0,0.0,0.0,0.0,0.0,0.0,0.0,3522.0,5.0,0.0,208275.25044059384,424.0833333333333,489.0833333333333,0,12,12,5089,5869,BENIGN,0.98
192.168.100.214,192.168.100.1,43008,53,b4:69:21:61:a7:3d,c8:1f:be:4e:a4:a6,17,2023-03-22 18:21:03,23552.17933654785,10275.057630207015,84.91783165460343,42.458915827301716,42.458915827301716,1,1,89,153,89.0,89.0,89.0,0.0,153.0,153.0,153.0,0.0,153,89,121.0,32.0,1024.0,8,8,8,1,0.0,0.0,0.0,0.0,0,0.0,0.0,0.0,0.0,0.0,0.0,0.0,0.0,0.0,0,0,0,0,1,0,0,0,0,0,0,1.0,121.0,0,0,0.0,0.0,0.0,0.0,0.0,0.0,0.0,0.0,0.0,0.0,0.0,0.0,0.0,0.0,89.0,153.0,0,1,1,89,153,BENIGN,0.99
192.168.100.214,52.84.97.225,54974,443,b4:69:21:61:a7:3d,c8:1f:be:4e:a4:a6,6,2023-03-22 18:21:03,78967.57125854492,42333.83332830134,278.5953733839753,126.63426062907969,151.96111275489562,10,12,1705,1638,583.0,66.0,170.5,161.02810313730953,431.0,66.0,136.5,113.47650270724185,583,66,151.95454545454547,138.1910657790764,19096.77066115702,200,240,20,6,3760.3605361211867,16893.14842224121,0.2384185791015625,6245.274501483155,63933.13407897949,16893.14842224121,121.35505676269531,7103.681564331055,7182.381404792896,63174.96299743652,30275.344848632812,0.2384185791015625,5743.178454312411,9898.787834674722,0,0,0,0,1,0,0,0,0,0,0,1.2,151.95454545454547,64240,133,0.0,0.0,0.0,0.0,0.0,0.0,0.0,0.0,0.0,0.0,604.0,4.0,0.0,506671923.2,170.5,136.5,0,10,12,1705,1638,BENIGN,1.0
172.217.170.174,192.168.100.214,443,49771,c8:1f:be:4e:a4:a6,b4:69:21:61:a7:3d,17,2023-03-22 18:20:03,103993273.73504639,103.60285442546939,0.7115844837093683,0.37502425492791036,0.336560228781458,39,35,5735,5039,688.0,71.0,147.05128205128204,164.1782878174335,655.0,75.0,143.97142857142856,150.92391379467352,688,71,145.59459459459458,158.055405861783,24981.51132213294,312,280,8,39,1424565.3936307724,14984897.61352539,0.2384185791015625,3848106.932962513,89264986.51504517,15057570.934295654,0.2384185791015625,2349078.5925011886,4607438.105588702,89008376.121521,14768186.569213867,3591.5374755859375,2617893.415338853,4770971.731109157,0,0,0,0,1,0,0,0,0,0,0,0.8974358974358975,145.59459459459458,0,0,12206797.59979248,7247918.844223022,9828336.954116821,2029484.2926426062,14984897.61352539,7021127.462387085,11053324.520587921,2915097.848772823,0.0,0.0,0.0,0.0,0.0,0.0,147.05128205128204,143.97142857142856,0,39,35,5735,5039,BENIGN,0.96
192.168.100.214,192.168.100.1,42517,53,b4:69:21:61:a7:3d,c8:1f:be:4e:a4:a6,17,2023-03-22 18:21:08,55387.97378540039,2997.040488304622,36.10892154583882,18.05446077291941,18.05446077291941,1,1,75,91,75.0,75.0,75.0,0.0,91.0,91.0,91.0,0.0,91,75,83.0,8.0,64.0,8,8,8,1,0.0,0.0,0.0,0.0,0,0.0,0.0,0.0,0.0,0.0,0.0,0.0,0.0,0.0,0,0,0,0,1,0,0,0,0,0,0,1.0,83.0,0,0,0.0,0.0,0.0,0.0,0.0,0.0,0.0,0.0,0.0,0.0,0.0,0.0,0.0,0.0,75.0,91.0,0,1,1,75,91,BENIGN,0.99
192.168.100.214,172.217.170.195,56171,443,b4:69:21:61:a7:3d,c8:1f:be:4e:a4:a6,17,2023-03-22 18:21:08,305136.20376586914,37134.23664631507,75.37617534774041,39.32670018142978,36.04947516631063,12,11,5421,5910,1292.0,75.0,451.75,519.6176679380073,1292.0,64.0,537.2727272727273,516.0622039513332,1292,64,492.6521739130435,519.6792161638423,270066.4877126655,96,88,8,12,13869.827443903143,120340.82412719727,0.2384185791015625,29892.406673357516,284505.60569763184,127124.07112121582,216.48406982421875,25864.145972511986,46930.21695193805,254945.9934234619,120751.61933898926,0.2384185791015625,25494.59934234619,42321.91207379127,0,0,0,0,1,0,0,0,0,0,0,0.9166666666666666,492.6521739130435,0,0,0.0,0.0,0.0,0.0,0.0,0.0,0.0,0.0,1502.0,5.0,3512.0,6.0,1199285.095754807,1636710627.5555556,451.75,537.2727272727273,0,12,11,5421,5910,BENIGN,0.98
192.168.100.214,192.168.100.1,36814,53,b4:69:21:61:a7:3d,c8:1f:be:4e:a4:a6,17,2023-03-22 18:21:11,22435.665130615234,8825.234235191601,89.1437801534505,44.57189007672525,44.57189007672525,1,1,79,119,79.0,79.0,79.0,0.0,119.0,119.0,119.0,0.0,119,79,99.0,20.0,400.0,8,8,8,1,0.0,0.0,0.0,0.0,0,0.0,0.0,0.0,0.0,0.0,0.0,0.0,0.0,0.0,0,0,0,0,1,0,0,0,0,0,0,1.0,99.0,0,0,0.0,0.0,0.0,0.0,0.0,0.0,0.0,0.0,0.0,0.0,0.0,0.0,0.0,0.0,79.0,119.0,0,1,1,79,119,BENIGN,0.99
192.168.100.214,172.217.170.206,46444,443,b4:69:21:61:a7:3d,c8:1f:be:4e:a4:a6,17,2023-03-22 18:21:11,406352.28157043457,32442.293541582934,63.98389077457,31.991945387285,31.991945387285,13,13,6860,6323,1292.0,75.0,527.6923076923077,553.9924165845017,1292.0,66.0,486.38461538461536,498.2903908460081,1292,66,507.03846153846155,527.2826917150311,278027.0369822485,104,104,8,13,16254.024505615234,172642.46940612793,-1.6689300537109375,37295.913666094435,365764.856338501,173568.2487487793,69.37980651855469,30480.40469487508,52553.86424604403,366404.29496765137,204553.60412597656,0.0,30533.69124730428,59957.23484916399,0,0,0,0,1,0,0,0,0,0,0,1.0,507.03846153846155,0,0,0.0,0.0,0.0,0.0,0.0,0.0,0.0,0.0,3602.0,6.0,3498.0,5.0,1800701.1928486293,1833959424.0,527.6923076923077,486.38461538461536,0,13,13,6860,6323,BENIGN,1.0
13.107.42.14,192.168.100.214,443,39744,c8:1f:be:4e:a4:a6,b4:69:21:61:a7:3d,6,2023-03-22 18:20:25,90003399.61051941,92.45206332214433,0.5333131882541675,0.28887797697100737,0.2444352112831601,26,22,2139,6182,282.0,54.0,82.26923076923077,55.554240779971536,1466.0,54.0,281.0,426.9749832995328,1466,54,173.35416666666666,308.27635664444364,95034.3120659722,520,440,20,9,1914965.9491599875,14867925.643920898,0.2384185791015625,4719129.242518673,89999383.21113586,14867925.643920898,0.2384185791015625,3599975.3284454346,5994162.428972999,89999585.15167236,15016070.84274292,113.96408081054688,4285694.531032017,6384656.884282486,0,0,0,0,1,0,0,0,0,0,0,0.8461538461538461,173.35416666666666,16382,9335,0.0,0.0,0.0,0.0,11527225.971221924,109562.63542175293,4694877.42582957,4825575.578511174,0.0,0.0,0.0,0.0,0.0,0.0,82.26923076923077,281.0,0,26,22,2139,6182,BENIGN,0.97
192.168.100.214,104.18.3.161,39140,443,b4:69:21:61:a7:3d,c8:1f:be:4e:a4:a6,17,2023-03-22 18:20:43,90151251.55448914,5275.345508792531,14.553319863862368,6.256152746355469,8.2971671175069,564,748,73877,401702,1292.0,87.0,130.98758865248226,212.77399904277186,1242.0,65.0,537.0347593582887,495.9922199130213,1292,65,362.483993902439,447.3526222637393,200124.36864624385,4512,5984,8,564,68765.25671585747,1616981.2679290771,0.0,92095.17327665226,90151251.55448914,1743457.317352295,20.503997802734375,160126.55693514945,138846.4440033559,89851578.95088196,1700536.4894866943,0.0,120283.23822072551,137310.56852892676,0,0,0,0,1,0,0,0,0,0,0,1.326241134751773,362.483993902439,0,0,0.0,0.0,0.0,0.0,1604615.4499053955,12365.81802368164,808490.6339645386,796124.8159408569,8328.666666666666,10.666666666666666,2034.5454545454545,4.636363636363637,258941.0476451679,45490.506800421615,130.98758865248226,537.0347593582887,0,564,748,73877,401702,BENIGN,0.99
192.168.100.214,192.168.100.1,50834,53,b4:69:21:61:a7:3d,c8:1f:be:4e:a4:a6,17,2023-03-22 18:21:34,10311.603546142578,22789.859884393063,193.95625433526013,96.97812716763006,96.97812716763006,1,1,75,160,75.0,75.0,75.0,0.0,160.0,160.0,160.0,0.0,160,75,117.5,42.5,1806.25,8,8,8,1,0.0,0.0,0.0,0.0,0,0.0,0.0,0.0,0.0,0.0,0.0,0.0,0.0,0.0,0,0,0,0,1,0,0,0,0,0,0,1.0,117.5,0,0,0.0,0.0,0.0,0.0,0.0,0.0,0.0,0.0,0.0,0.0,0.0,0.0,0.0,0.0,75.0,160.0,0,1,1,75,160,BENIGN,0.99
192.168.100.214,172.217.170.206,58038,443,b4:69:21:61:a7:3d,c8:1f:be:4e:a4:a6,17,2023-03-22 18:21:34,393761.15798950195,70159.28168500696,99.0448123403776,43.17337973811332,55.87143260226429,17,22,9176,18450,1292.0,75.0,539.7647058823529,567.1382785437951,1292.0,66.0,838.6363636363636,555.1871548041291,1292,66,708.3589743589744,579.6926014389442,336043.5121630506,136,176,8,17,10362.13573656584,187302.1125793457,0.2384185791015625,31801.78936013312,356660.1276397705,188220.50094604492,103.23524475097656,22291.257977485657,49492.75658581698,352235.5556488037,187604.42733764648,0.2384185791015625,16773.12169756208,41778.101474851224,0,0,0,0,1,0,0,0,0,0,0,1.2941176470588236,708.3589743589744,0,0,0.0,0.0,0.0,0.0,0.0,0.0,0.0,0.0,2925.0,6.5,5417.333333333333,6.666666666666667,1243559.799300593,316169.50267858384,539.7647058823529,838.6363636363636,0,17,22,9176,18450,BENIGN,0.98
192.168.100.214,192.168.100.1,40302,53,b4:69:21:61:a7:3d,c8:1f:be:4e:a4:a6,17,2023-03-22 18:21:36,22580.862045288086,7351.357962644254,88.57057786318379,44.28528893159189,44.28528893159189,1,1,75,91,75.0,75.0,75.0,0.0,91.0,91.0,91.0,0.0,91,75,83.0,8.0,64.0,8,8,8,1,0.0,0.0,0.0,0.0,0,0.0,0.0,0.0,0.0,0.0,0.0,0.0,0.0,0.0,0,0,0,0,1,0,0,0,0,0,0,1.0,83.0,0,0,0.0,0.0,0.0,0.0,0.0,0.0,0.0,0.0,0.0,0.0,0.0,0.0,0.0,0.0,75.0,91.0,0,1,1,75,91,BENIGN,0.99
192.168.100.214,172.217.170.197,60248,443,b4:69:21:61:a7:3d,c8:1f:be:4e:a4:a6,6,2023-03-22 18:21:36,825897.9320526123,51673.45545221845,58.11856179456113,21.794460672960426,36.324101121600705,18,30,5423,37254,1466.0,66.0,301.27777777777777,451.90520214796715,2866.0,66.0,1241.8,966.9668522412406,2866,66,889.1041666666666,931.824201937239,868296.3433159724,360,600,20,8,17572.296426651326,597668.6477661133,0.0,87541.53808547609,814951.4198303223,616045.7134246826,18.835067749023438,47938.318813548365,145744.59544593625,811070.9190368652,597668.6477661133,0.0,27967.962725409147,110246.0061385979,0,0,0,0,1,0,0,0,0,0,0,1.6666666666666667,889.1041666666666,64240,295,0.0,0.0,0.0,0.0,0.0,0.0,0.0,0.0,3429.0,6.0,33901.0,20.0,1545815.607910576,1844792.8682226865,301.27777777777777,1241.8,0,18,30,5423,37254,BENIGN,1.0
192.168.100.214,108.177.15.188,59466,5228,b4:69:21:61:a7:3d,c8:1f:be:4e:a4:a6,6,2023-03-22 18:21:37,147259.47380065918,896.3769636898508,13.58146914681592,6.79073457340796,6.79073457340796,1,1,66,66,66.0,66.0,66.0,0.0,66.0,66.0,66.0,0.0,66,66,66.0,0.0,0.0,20,20,20,0,0.0,0.0,0.0,0.0,0,0.0,0.0,0.0,0.0,0.0,0.0,0.0,0.0,0.0,0,0,0,0,1,0,0,0,0,0,0,1.0,66.0,501,265,0.0,0.0,0.0,0.0,0.0,0.0,0.0,0.0,0.0,0.0,0.0,0.0,0.0,0.0,66.0,66.0,0,1,1,66,66,BENIGN,0.96
192.168.100.214,172.217.170.195,50377,443,b4:69:21:61:a7:3d,c8:1f:be:4e:a4:a6,17,2023-03-22 18:21:39,298301.69677734375,37988.38599452672,77.10314841811811,40.22772960945293,36.87541880866518,12,11,5422,5910,1292.0,75.0,451.8333333333333,519.564534543646,1292.0,64.0,537.2727272727273,515.2046532308727,1292,64,492.69565217391306,519.2409539336877,269611.168241966,96,88,8,12,13559.168035333807,111784.45816040039,0.2384185791015625,30667.408995017795,280402.89878845215,142760.0383758545,174.04556274414062,25491.172617132015,48756.42940539618,253432.2738647461,112003.80325317383,0.2384185791015625,25343.22738647461,41865.3804038016,0,0,0,0,1,0,0,0,0,0,0,0.9166666666666666,492.69565217391306,0,0,0.0,0.0,0.0,0.0,0.0,0.0,0.0,0.0,1389.0,4.0,2262.0,5.0,1158228.2815109345,1355359378.2857144,451.8333333333333,537.2727272727273,0,12,11,5422,5910,BENIGN,0.97
192.168.100.214,52.84.97.225,54974,443,b4:69:21:61:a7:3d,c8:1f:be:4e:a4:a6,6,2023-03-22 18:21:50,14943.361282348633,8833.353989501731,133.83869681063229,66.91934840531614,66.91934840531614,1,1,66,66,66.0,66.0,66.0,0.0,66.0,66.0,66.0,0.0,66,66,66.0,0.0,0.0,20,20,20,0,0.0,0.0,0.0,0.0,0,0.0,0.0,0.0,0.0,0.0,0.0,0.0,0.0,0.0,0,0,0,0,1,0,0,0,0,0,0,1.0,66.0,501,133,0.0,0.0,0.0,0.0,0.0,0.0,0.0,0.0,0.0,0.0,0.0,0.0,0.0,0.0,66.0,66.0,0,1,1,66,66,BENIGN,0.98
192.168.100.123,224.0.0.251,5353,5353,da:94:86:4d:80:58,b4:69:21:61:a7:3d,17,2023-03-22 18:20:49,101901669.5022583,9.342339577458073,0.07850705527275692,0.07850705527275692,0.0,8,0,952,0,119.0,119.0,119.0,0.0,0.0,0.0,0.0,0.0,119,119,119.0,0.0,0.0,64,0,8,8,14557381.357465472,20031669.61669922,897767.5437927246,8576969.308815757,101901669.5022583,20031669.61669922,897767.5437927246,14557381.357465472,8576969.308815757,0.0,0.0,0.0,0.0,0.0,0,0,0,0,1,0,0,0,0,0,0,0.0,119.0,0,0,0.0,0.0,0.0,0.0,18806649.208068848,46451.80702209473,5019530.355930328,7970656.953808388,0.0,0.0,0.0,0.0,0.0,0.0,119.0,0.0,0,8,0,952,0,BENIGN,0.93
192.168.100.1,239.255.255.250,46347,1900,c8:1f:be:4e:a4:a6,b4:69:21:61:a7:3d,17,2023-03-22 18:21:54,1819266.0808563232,383.6711998013251,2.1986888240763616,2.1986888240763616,0.0,4,0,698,0,175.0,174.0,174.5,0.5,0.0,0.0,0.0,0.0,175,174,174.5,0.5,0.25,32,0,8,4,606422.0269521078,1296767.4732208252,260311.36512756348,488148.54714315024,1819266.0808563232,1296767.4732208252,260311.36512756348,606422.0269521078,488148.54714315024,0.0,0.0,0.0,0.0,0.0,0,0,0,0,1,0,0,0,0,0,0,0.0,174.5,0,0,0.0,0.0,0.0,0.0,0.0,0.0,0.0,0.0,0.0,0.0,0.0,0.0,0.0,0.0,174.5,0.0,0,4,0,698,0,BENIGN,0.97
192.168.100.214,192.168.100.1,43021,53,b4:69:21:61:a7:3d,c8:1f:be:4e:a4:a6,17,2023-03-22 18:22:03,21032.333374023438,7987.701460052598,95.09168404824521,47.54584202412261,47.54584202412261,1,1,76,92,76.0,76.0,76.0,0.0,92.0,92.0,92.0,0.0,92,76,84.0,8.0,64.0,8,8,8,1,0.0,0.0,0.0,0.0,0,0.0,0.0,0.0,0.0,0.0,0.0,0.0,0.0,0.0,0,0,0,0,1,0,0,0,0,0,0,1.0,84.0,0,0,0.0,0.0,0.0,0.0,0.0,0.0,0.0,0.0,0.0,0.0,0.0,0.0,0.0,0.0,76.0,92.0,0,1,1,76,92,BENIGN,0.99
192.168.100.214,192.168.100.1,36572,53,b4:69:21:61:a7:3d,c8:1f:be:4e:a4:a6,17,2023-03-22 18:22:03,10948.419570922852,18084.80198601947,182.6747675355502,91.3373837677751,91.3373837677751,1,1,91,107,91.0,91.0,91.0,0.0,107.0,107.0,107.0,0.0,107,91,99.0,8.0,64.0,8,8,8,1,0.0,0.0,0.0,0.0,0,0.0,0.0,0.0,0.0,0.0,0.0,0.0,0.0,0.0,0,0,0,0,1,0,0,0,0,0,0,1.0,99.0,0,0,0.0,0.0,0.0,0.0,0.0,0.0,0.0,0.0,0.0,0.0,0.0,0.0,0.0,0.0,91.0,107.0,0,1,1,91,107,BENIGN,0.99
192.168.100.214,216.58.223.99,41622,443,b4:69:21:61:a7:3d,c8:1f:be:4e:a4:a6,17,2023-03-22 18:22:03,327993.15452575684,34302.54517435813,64.02572648311445,30.48844118243545,33.537285300678995,10,11,4977,6274,1292.0,75.0,497.7,538.3575113249558,1292.0,63.0,570.3636363636364,526.6165195639859,1292,63,535.7619047619048,533.475567768474,284596.1814058957,80,88,8,10,16399.65772628784,128699.06425476074,0.2384185791015625,30029.85081888053,320265.7699584961,129405.02166748047,170.70770263671875,35585.08555094401,41812.66536615913,291037.55950927734,129634.38034057617,0.2384185791015625,29103.755950927734,41476.399079081624,0,0,0,0,1,0,0,0,0,0,0,1.1,535.7619047619048,0,0,0.0,0.0,0.0,0.0,0.0,0.0,0.0,0.0,1877.0,4.0,3492.0,5.0,1203594.0388319828,142228.11998562815,497.7,570.3636363636364,0,10,11,4977,6274,BENIGN,0.99
192.168.100.214,172.217.170.202,33921,443,b4:69:21:61:a7:3d,c8:1f:be:4e:a4:a6,17,2023-03-22 18:22:03,369857.0728302002,28805.721946788904,56.77868977685067,29.741218454540824,27.03747132230984,11,10,5095,5559,1292.0,75.0,463.1818181818182,522.1532025585486,1292.0,63.0,555.9,525.6202907042308,1292,63,507.3333333333333,525.8499091795367,276518.126984127,88,80,8,11,18492.85364151001,194365.0245666504,0.2384185791015625,45575.68637838181,355298.0422973633,194723.84452819824,170.23086547851562,35529.80422973633,65791.02896273922,326738.1191253662,194871.6640472412,0.2384185791015625,36304.23545837402,63510.45764292619,0,0,0,0,1,0,0,0,0,0,0,0.9090909090909091,507.3333333333333,0,0,0.0,0.0,0.0,0.0,0.0,0.0,0.0,0.0,0.0,0.0,2272.0,4.0,0.0,1588243114.6666667,463.1818181818182,555.9,0,11,10,5095,5559,BENIGN,0.99
192.168.100.214,192.168.100.1,50053,53,b4:69:21:61:a7:3d,c8:1f:be:4e:a4:a6,17,2023-03-22 18:22:10,22643.566131591797,7331.0007370438225,88.32531008486534,44.16265504243267,44.16265504243267,1,1,75,91,75.0,75.0,75.0,0.0,91.0,91.0,91.0,0.0,91,75,83.0,8.0,64.0,8,8,8,1,0.0,0.0,0.0,0.0,0,0.0,0.0,0.0,0.0,0.0,0.0,0.0,0.0,0.0,0,0,0,0,1,0,0,0,0,0,0,1.0,83.0,0,0,0.0,0.0,0.0,0.0,0.0,0.0,0.0,0.0,0.0,0.0,0.0,0.0,0.0,0.0,75.0,91.0,0,1,1,75,91,BENIGN,0.99
192.168.100.214,172.217.170.195,33420,443,b4:69:21:61:a7:3d,c8:1f:be:4e:a4:a6,17,2023-03-22 18:22:10,284216.88079833984,39856.88664297722,80.9241165950279,42.22127822349282,38.70283837153508,12,11,5418,5910,1292.0,75.0,451.5,519.6788270974038,1292.0,64.0,537.2727272727273,515.3106902035088,1292,64,492.5217391304348,519.364651118805,269739.64083175804,96,88,8,12,12918.949127197266,107940.673828125,0.2384185791015625,28539.531755257456,273862.361907959,129605.29327392578,152.587890625,24896.578355268997,45085.169727815264,241662.74070739746,108324.52774047852,0.2384185791015625,24166.274070739746,40961.03604735303,0,0,0,0,1,0,0,0,0,0,0,0.9166666666666666,492.5217391304348,0,0,0.0,0.0,0.0,0.0,0.0,0.0,0.0,0.0,1502.0,5.0,3512.0,6.0,874492.5885619101,2104342235.4285715,451.5,537.2727272727273,0,12,11,5418,5910,BENIGN,0.98
35.201.127.49,192.168.100.214,443,45994,c8:1f:be:4e:a4:a6,b4:69:21:61:a7:3d,6,2023-03-22 18:21:23,90001379.48989868,250.12949943202412,2.9999540177081783,1.9999693451387857,0.9999846725693928,180,90,14052,8460,90.0,66.0,78.06666666666666,11.966434538138568,94.0,94.0,94.0,0.0,94,66,83.37777777777778,12.323940367140677,151.87950617283948,3600,1800,20,90,334577.61892155645,1287599.5635986328,102.28157043457031,458543.8424666403,90001379.48989868,1287599.5635986328,11352.5390625,502801.00273686415,481248.6935867198,88005439.04304504,1305146.6941833496,229852.19955444336,988825.157787023,110604.97684921882,0,0,0,0,1,0,0,0,0,0,0,0.5,83.37777777777778,268,501,272060.3942871094,31980.037689208984,118703.72295379639,91179.67140681254,1001711.368560791,8614.063262939453,168807.35484036533,272270.5696907416,0.0,0.0,0.0,0.0,0.0,0.0,78.06666666666666,94.0,0,180,90,14052,8460,BENIGN,0.86
35.201.127.49,192.168.100.214,443,58260,c8:1f:be:4e:a4:a6,b4:69:21:61:a7:3d,6,2023-03-22 18:21:23,90139189.24331665,255.29406458141867,3.0619312456314773,2.0190995895106116,1.0428316561208655,182,94,14220,8792,90.0,66.0,78.13186813186813,11.93315520779731,94.0,66.0,93.53191489361703,3.293133176841847,94,66,83.3768115942029,12.282427000494417,150.85801302247427,3640,1880,20,91,327778.55266224255,1232031.3453674316,-87.26119995117188,454662.5749247069,90138915.53878784,1232031.3453674316,0.7152557373046875,498005.0582253472,479368.09502213734,89155917.16766357,1247164.249420166,289.67857360839844,958665.7759963825,187213.02048037024,0,0,0,0,1,0,0,0,0,0,0,0.5164835164835165,83.3768115942029,269,501,221129.6558380127,23353.57666015625,116098.52313995361,85135.76617420746,1041874.4087219238,28990.745544433594,267161.2898508708,351611.27044812386,0.0,0.0,0.0,0.0,0.0,0.0,78.13186813186813,93.53191489361703,0,182,94,14220,8792,BENIGN,0.89
35.201.127.49,192.168.100.214,443,58264,c8:1f:be:4e:a4:a6,b4:69:21:61:a7:3d,6,2023-03-22 18:21:24,90020002.12669373,256.07642141084074,3.0659852641589467,2.010664249321628,1.0553210148373187,181,95,14166,8886,90.0,66.0,78.26519337016575,11.897181689161865,94.0,66.0,93.53684210526316,3.276103353924532,94,66,83.52173913043478,12.213212963363441,149.16257088846882,3620,1900,20,91,327345.194383101,1246605.396270752,-73.67134094238281,452430.945187398,90019547.2240448,1246605.396270752,0.7152557373046875,500108.59568913776,476271.1133688055,89001726.1505127,1262214.183807373,201.94053649902344,946826.8739416244,199102.46669097876,0,0,0,0,1,0,0,0,0,0,0,0.5248618784530387,83.52173913043478,269,501,245605.7071685791,8068.323135375977,118174.31449890137,107498.56710011227,1017857.3131561279,11402.84538269043,168323.70228237577,307360.53508776776,0.0,0.0,0.0,0.0,0.0,0.0,78.26519337016575,93.53684210526316,0,181,95,14166,8886,BENIGN,0.89
192.168.100.214,239.255.255.250,44528,1900,b4:69:21:61:a7:3d,01:00:5e:7f:ff:fa,17,2023-03-22 18:22:17,3022310.733795166,284.55048992268365,1.3234906508031798,1.3234906508031798,0.0,4,0,860,0,215.0,215.0,215.0,0.0,0.0,0.0,0.0,0.0,215,215,215.0,0.0,0.0,32,0,8,4,1007436.9112650553,1009035.3488922119,1005794.7635650635,1323.3244105869344,3022310.733795166,1009035.3488922119,1005794.7635650635,1007436.9112650553,1323.3244105869344,0.0,0.0,0.0,0.0,0.0,0,0,0,0,1,0,0,0,0,0,0,0.0,215.0,0,0,0.0,0.0,0.0,0.0,0.0,0.0,0.0,0.0,0.0,0.0,0.0,0.0,0.0,0.0,215.0,0.0,0,4,0,860,0,BENIGN,0.95
192.168.100.214,172.217.170.197,60248,443,b4:69:21:61:a7:3d,c8:1f:be:4e:a4:a6,6,2023-03-22 18:22:22,18405.914306640625,7171.607875647668,108.66072538860104,54.33036269430052,54.33036269430052,1,1,66,66,66.0,66.0,66.0,0.0,66.0,66.0,66.0,0.0,66,66,66.0,0.0,0.0,20,20,20,0,0.0,0.0,0.0,0.0,0,0.0,0.0,0.0,0.0,0.0,0.0,0.0,0.0,0.0,0,0,0,0,1,0,0,0,0,0,0,1.0,66.0,501,295,0.0,0.0,0.0,0.0,0.0,0.0,0.0,0.0,0.0,0.0,0.0,0.0,0.0,0.0,66.0,66.0,0,1,1,66,66,BENIGN,0.96
172.217.170.202,192.168.100.214,443,51083,c8:1f:be:4e:a4:a6,b4:69:21:61:a7:3d,17,2023-03-22 18:21:36,90189828.63426208,126.2004837170309,1.485755123711311,0.7539652866594713,0.7317898370518398,68,66,5440,5942,163.0,64.0,80.0,27.54354840654213,566.0,75.0,90.03030303030303,84.14345068897262,566,64,84.94029850746269,62.42879659810057,3897.3546446870128,544,528,8,68,678119.0122876848,6496118.545532227,0.476837158203125,1622129.3743889604,89783595.80039978,6496118.545532227,0.476837158203125,1340053.6686626833,2093847.3679421542,83690075.15907288,6496528.387069702,6299.257278442383,1287539.6178318905,2023099.6602786009,0,0,0,0,1,0,0,0,0,0,0,0.9705882352941176,84.94029850746269,0,0,4889467.000961304,4797113.656997681,4821726.560592651,39135.81745407998,6496118.545532227,1596073.865890503,2854278.564453125,1492122.5643344936,0.0,0.0,0.0,0.0,0.0,0.0,80.0,90.03030303030303,0,68,66,5440,5942,BENIGN,0.93
192.168.100.214,172.217.170.195,39521,443,b4:69:21:61:a7:3d,c8:1f:be:4e:a4:a6,17,2023-03-22 18:22:30,387523.1742858887,25884.90357637244,54.19030755695556,28.385399196500533,25.80490836045503,11,10,4163,5868,1292.0,75.0,378.45454545454544,475.3347841519631,1292.0,64.0,586.8,516.0650734161342,1292,64,477.6666666666667,505.9635158438594,255999.07936507935,88,80,8,11,19376.158714294434,135734.55810546875,0.0,33767.0728904532,387523.1742858887,161588.19198608398,141.143798828125,38752.31742858887,49565.62112183971,224032.87887573242,76168.53713989258,0.0,24892.5420973036,29574.842093598047,0,0,0,0,1,0,0,0,0,0,0,0.9090909090909091,477.6666666666667,0,0,0.0,0.0,0.0,0.0,0.0,0.0,0.0,0.0,0.0,0.0,2262.0,5.0,0.0,9487515648.0,378.45454545454544,586.8,0,11,10,4163,5868,BENIGN,0.99
192.168.100.214,52.84.97.225,54974,443,b4:69:21:61:a7:3d,c8:1f:be:4e:a4:a6,6,2023-03-22 18:22:35,52112.10250854492,2533.0008509703807,38.378800772278495,19.189400386139248,19.189400386139248,1,1,66,66,66.0,66.0,66.0,0.0,66.0,66.0,66.0,0.0,66,66,66.0,0.0,0.0,20,20,20,0,0.0,0.0,0.0,0.0,0,0.0,0.0,0.0,0.0,0.0,0.0,0.0,0.0,0.0,0,0,0,0,1,0,0,0,0,0,0,1.0,66.0,501,133,0.0,0.0,0.0,0.0,0.0,0.0,0.0,0.0,0.0,0.0,0.0,0.0,0.0,0.0,66.0,66.0,0,1,1,66,66,BENIGN,0.99
172.217.170.174,192.168.100.214,443,49771,c8:1f:be:4e:a4:a6,b4:69:21:61:a7:3d,17,2023-03-22 18:21:47,92665173.29216003,108.06648975259876,0.7014501531774435,0.38849546945212254,0.3129546837253209,36,29,5630,4384,688.0,71.0,156.38888888888889,171.14747990123374,529.0,75.0,151.17241379310346,151.71867545025725,688,71,154.06153846153848,162.78668221118534,26499.50390532544,288,232,8,36,1447893.3326900005,14999377.250671387,0.2384185791015625,3719649.9324657987,92665173.29216003,15023347.854614258,0.2384185791015625,2647576.379776001,4715765.099911271,87664083.71925354,14999377.250671387,345.46852111816406,3130860.1328304834,5119951.644255009,0,0,0,0,1,0,0,0,0,0,0,0.8055555555555556,154.06153846153848,0,0,12696878.671646118,8595897.674560547,10646388.173103333,2050490.4985427856,13330739.498138428,1552417.7551269531,6048692.266146342,4478939.045899597,0.0,0.0,0.0,0.0,0.0,0.0,156.38888888888889,151.17241379310346,0,36,29,5630,4384,BENIGN,0.98
192.168.100.214,172.217.170.195,46052,443,b4:69:21:61:a7:3d,c8:1f:be:4e:a4:a6,17,2023-03-22 18:22:41,303348.3028411865,28313.987319377364,65.93081224677464,32.96540612338732,32.96540612338732,10,10,3973,4616,1292.0,75.0,397.3,491.652122948737,1292.0,64.0,461.6,478.542202945571,1292,64,429.45,486.2055609513326,236395.8475,80,80,8,10,15965.700149536133,90117.9313659668,0.2384185791015625,27466.454826787045,303348.3028411865,142887.59231567383,162.1246337890625,33705.366982354055,47219.13229059813,243138.31329345703,115923.64311218262,0.2384185791015625,27015.36814371745,41744.29460560527,0,0,0,0,1,0,0,0,0,0,0,1.0,429.45,0,0,0.0,0.0,0.0,0.0,0.0,0.0,0.0,0.0,1389.0,4.0,3512.0,6.0,934834.4441591784,38970.640916221986,397.3,461.6,0,10,10,3973,4616,BENIGN,0.99
192.168.100.214,13.107.42.14,39744,443,b4:69:21:61:a7:3d,c8:1f:be:4e:a4:a6,6,2023-03-22 18:21:55,90042258.26263428,38.38197826979835,0.3776004806635255,0.16658844735155534,0.2110120333119701,15,19,1971,1485,534.0,54.0,131.4,117.7295205120619,237.0,54.0,78.15789473684211,42.9788970957593,534,54,101.6470588235294,88.57727844123099,7845.934256055365,300,380,20,13,2728553.280685887,14907645.94078064,0.476837158203125,5576887.478624919,74991689.68200684,15030841.588973999,511.40785217285156,5356549.263000488,6906848.8655983675,89900184.63134766,14907645.94078064,0.476837158203125,4994454.701741536,6768250.023804022,0,0,0,0,1,0,0,0,0,0,0,1.2666666666666666,101.6470588235294,9335,16385,13336520.433425903,103316.3070678711,6719918.370246887,6616602.063179016,14853279.59060669,13398.170471191406,5669496.536254883,6211722.383728963,0.0,0.0,0.0,0.0,0.0,0.0,131.4,78.15789473684211,0,15,19,1971,1485,BENIGN,0.99
192.168.100.72,239.255.255.250,51903,1900,34:f3:9a:0b:3d:d0,b4:69:21:61:a7:3d,17,2023-03-22 18:22:42,2999657.392501831,285.36592283496174,1.3334856207241201,1.3334856207241201,0.0,4,0,856,0,214.0,214.0,214.0,0.0,0.0,0.0,0.0,0.0,214,214,214.0,0.0,0.0,32,0,8,4,999885.7975006104,1007079.1244506836,986858.606338501,9228.319345530304,2999657.392501831,1007079.1244506836,986858.606338501,999885.7975006104,9228.319345530304,0.0,0.0,0.0,0.0,0.0,0,0,0,0,1,0,0,0,0,0,0,0.0,214.0,0,0,0.0,0.0,0.0,0.0,0.0,0.0,0.0,0.0,0.0,0.0,0.0,0.0,0.0,0.0,214.0,0.0,0,4,0,856,0,BENIGN,0.96
192.168.100.214,108.177.15.188,59466,5228,b4:69:21:61:a7:3d,c8:1f:be:4e:a4:a6,6,2023-03-22 18:22:24,25235652.208328247,15.137314337924371,0.19813238662204674,0.11887943197322805,0.0792529546488187,3,2,224,158,92.0,66.0,74.66666666666667,12.256517540566824,92.0,66.0,79.0,13.0,92,66,76.4,12.737346662472525,162.23999999999998,60,40,20,1,6308913.052082062,24925002.813339233,28.371810913085938,10748191.45682628,25235652.208328247,25082046.74720764,153605.46112060547,12617826.104164124,12464220.643043518,0.0,0.0,0.0,0.0,0.0,0,0,0,0,1,0,0,0,0,0,0,0.6666666666666666,76.4,501,265,0.0,0.0,0.0,0.0,0.0,0.0,0.0,0.0,0.0,0.0,0.0,0.0,0.0,0.0,74.66666666666667,79.0,0,3,2,224,158,BENIGN,0.97
192.168.100.1,239.255.255.250,46347,1900,c8:1f:be:4e:a4:a6,b4:69:21:61:a7:3d,17,2023-03-22 18:22:57,1823821.5446472168,382.7128822162339,2.193197032757787,2.193197032757787,0.0,4,0,698,0,175.0,174.0,174.5,0.5,0.0,0.0,0.0,0.0,175,174,174.5,0.5,0.25,32,0,8,4,607940.5148824056,1288381.3381195068,262141.22772216797,481165.8822055707,1823821.5446472168,1288381.3381195068,262141.22772216797,607940.5148824056,481165.8822055707,0.0,0.0,0.0,0.0,0.0,0,0,0,0,1,0,0,0,0,0,0,0.0,174.5,0,0,0.0,0.0,0.0,0.0,0.0,0.0,0.0,0.0,0.0,0.0,0.0,0.0,0.0,0.0,174.5,0.0,0,4,0,698,0,BENIGN,0.97
192.168.100.214,104.18.3.161,39140,443,b4:69:21:61:a7:3d,c8:1f:be:4e:a4:a6,17,2023-03-22 18:22:13,90024378.29971313,5332.822165143792,12.518831246442401,4.965321709990908,7.553509536451493,447,680,38934,441150,90.0,87.0,87.1006711409396,0.3970523344362158,1242.0,67.0,648.75,548.5382118439345,1242,67,425.9840283939663,506.993880412736,257042.79477596367,3576,5440,8,447,79950.6023976138,776918.6496734619,0.0,87337.96027573745,90024378.29971313,816172.3613739014,59.36622619628906,201848.38183792183,124584.0616909281,89799102.78320312,1624977.5886535645,0.0,132251.99231694127,156540.80818504962,0,0,0,0,1,0,0,0,0,0,0,1.5212527964205818,425.9840283939663,0,0,0.0,0.0,0.0,0.0,0.0,0.0,0.0,0.0,181.5,4.0,2838.953488372093,4.1395348837209305,624.7432255268966,35446.811768249616,87.1006711409396,648.75,0,447,680,38934,441150,BENIGN,0.99
192.168.100.214,192.168.100.1,35277,53,b4:69:21:61:a7:3d,c8:1f:be:4e:a4:a6,17,2023-03-22 18:23:04,106164.69383239746,1940.3814259118276,18.83865462050318,9.41932731025159,9.41932731025159,1,1,80,126,80.0,80.0,80.0,0.0,126.0,126.0,126.0,0.0,126,80,103.0,23.0,529.0,8,8,8,1,0.0,0.0,0.0,0.0,0,0.0,0.0,0.0,0.0,0.0,0.0,0.0,0.0,0.0,0,0,0,0,1,0,0,0,0,0,0,1.0,103.0,0,0,0.0,0.0,0.0,0.0,0.0,0.0,0.0,0.0,0.0,0.0,0.0,0.0,0.0,0.0,80.0,126.0,0,1,1,80,126,BENIGN,0.99
192.168.100.214,192.168.100.1,38677,53,b4:69:21:61:a7:3d,c8:1f:be:4e:a4:a6,17,2023-03-22 18:23:04,84181.54716491699,2352.059408127834,23.75817583967509,11.879087919837545,11.879087919837545,1,1,91,107,91.0,91.0,91.0,0.0,107.0,107.0,107.0,0.0,107,91,99.0,8.0,64.0,8,8,8,1,0.0,0.0,0.0,0.0,0,0.0,0.0,0.0,0.0,0.0,0.0,0.0,0.0,0.0,0,0,0,0,1,0,0,0,0,0,0,1.0,99.0,0,0,0.0,0.0,0.0,0.0,0.0,0.0,0.0,0.0,0.0,0.0,0.0,0.0,0.0,0.0,91.0,107.0,0,1,1,91,107,BENIGN,0.99
192.168.100.214,172.217.170.202,59818,443,b4:69:21:61:a7:3d,c8:1f:be:4e:a4:a6,17,2023-03-22 18:23:04,365561.00845336914,32911.05922620484,62.91699461413942,32.826258059551,30.090736554588418,12,11,5180,6851,1292.0,75.0,431.6666666666667,510.8237356357757,1292.0,63.0,622.8181818181819,544.2918365231883,1292,63,523.0869565217391,535.6743748928301,286947.03591682424,96,88,8,12,16616.40947515314,145657.30094909668,0.2384185791015625,34960.16850046314,352774.85847473145,146507.50160217285,248.6705780029297,32070.44167952104,51102.9424914724,325352.90718078613,145811.3193511963,0.2384185791015625,32535.290718078613,49152.41790945169,0,0,0,0,1,0,0,0,0,0,0,0.9166666666666666,523.0869565217391,0,0,0.0,0.0,0.0,0.0,0.0,0.0,0.0,0.0,0.0,0.0,2272.0,4.0,0.0,1058828743.1111112,431.6666666666667,622.8181818181819,0,12,11,5180,6851,BENIGN,0.99
192.168.100.214,192.168.100.1,58980,53,b4:69:21:61:a7:3d,c8:1f:be:4e:a4:a6,17,2023-03-22 18:23:04,31932.830810546875,5323.674590849361,62.63146577469836,31.31573288734918,31.31573288734918,1,1,77,93,77.0,77.0,77.0,0.0,93.0,93.0,93.0,0.0,93,77,85.0,8.0,64.0,8,8,8,1,0.0,0.0,0.0,0.0,0,0.0,0.0,0.0,0.0,0.0,0.0,0.0,0.0,0.0,0,0,0,0,1,0,0,0,0,0,0,1.0,85.0,0,0,0.0,0.0,0.0,0.0,0.0,0.0,0.0,0.0,0.0,0.0,0.0,0.0,0.0,0.0,77.0,93.0,0,1,1,77,93,BENIGN,0.99
192.168.100.214,172.217.170.197,60248,443,b4:69:21:61:a7:3d,c8:1f:be:4e:a4:a6,6,2023-03-22 18:23:07,56109.66682434082,2352.5358012416027,35.64448183699398,17.82224091849699,17.82224091849699,1,1,66,66,66.0,66.0,66.0,0.0,66.0,66.0,66.0,0.0,66,66,66.0,0.0,0.0,20,20,20,0,0.0,0.0,0.0,0.0,0,0.0,0.0,0.0,0.0,0.0,0.0,0.0,0.0,0.0,0,0,0,0,1,0,0,0,0,0,0,1.0,66.0,501,295,0.0,0.0,0.0,0.0,0.0,0.0,0.0,0.0,0.0,0.0,0.0,0.0,0.0,0.0,66.0,66.0,0,1,1,66,66,BENIGN,0.97
192.168.100.214,192.168.100.1,40761,53,b4:69:21:61:a7:3d,c8:1f:be:4e:a4:a6,17,2023-03-22 18:23:12,28927.326202392578,5738.518618643369,69.13877853787191,34.56938926893596,34.56938926893596,1,1,75,91,75.0,75.0,75.0,0.0,91.0,91.0,91.0,0.0,91,75,83.0,8.0,64.0,8,8,8,1,0.0,0.0,0.0,0.0,0,0.0,0.0,0.0,0.0,0.0,0.0,0.0,0.0,0.0,0,0,0,0,1,0,0,0,0,0,0,1.0,83.0,0,0,0.0,0.0,0.0,0.0,0.0,0.0,0.0,0.0,0.0,0.0,0.0,0.0,0.0,0.0,75.0,91.0,0,1,1,75,91,BENIGN,0.99
192.168.100.214,172.217.170.195,35682,443,b4:69:21:61:a7:3d,c8:1f:be:4e:a4:a6,17,2023-03-22 18:23:12,317195.8923339844,27068.446368654615,63.052518911378094,31.526259455689047,31.526259455689047,10,10,3970,4616,1292.0,75.0,397.0,491.8209023618252,1292.0,64.0,461.6,480.5707440117428,1292,64,429.3,487.30002052123905,237461.31,80,80,8,10,16694.52064915707,81779.71839904785,0.2384185791015625,27469.667068377188,314642.90618896484,147603.98864746094,134.2296600341797,34960.322909884984,48494.46572339852,242929.69703674316,114905.83419799805,0.2384185791015625,26992.18855963813,38983.44384518076,0,0,0,0,1,0,0,0,0,0,0,1.0,429.3,0,0,0.0,0.0,0.0,0.0,0.0,0.0,0.0,0.0,1389.0,4.0,3512.0,6.0,1775103.0639853748,47344.67361979359,397.0,461.6,0,10,10,3970,4616,BENIGN,0.99
172.217.170.202,192.168.100.214,443,51083,c8:1f:be:4e:a4:a6,b4:69:21:61:a7:3d,17,2023-03-22 18:23:07,12690891.981124878,91.95571136651981,1.2607466854021567,0.7091700105387132,0.5515766748634435,9,7,642,525,75.0,70.0,71.33333333333333,1.7638342073763937,75.0,75.0,75.0,0.0,75,70,72.9375,2.2491317769308226,5.05859375,72,56,8,9,846059.4654083252,6403133.392333984,0.476837158203125,1710210.1871333153,12690891.981124878,6924756.5269470215,0.476837158203125,1586361.4976406097,2282349.077591178,11864095.211029053,6424574.613571167,128205.0609588623,1977349.2018381755,2279694.139480089,0,0,0,0,1,0,0,0,0,0,0,0.7777777777777778,72.9375,0,0,0.0,0.0,0.0,0.0,3196029.1862487793,1601402.0442962646,2134377.7974446616,750702.9489151693,124.0,4.0,0.0,0.0,12674.392494212258,0.0,71.33333333333333,75.0,0,9,7,642,525,BENIGN,0.93
192.168.100.214,52.84.97.225,54974,443,b4:69:21:61:a7:3d,c8:1f:be:4e:a4:a6,6,2023-03-22 18:23:20,35107.37419128418,3759.8938411284134,56.96808850194566,28.48404425097283,28.48404425097283,1,1,66,66,66.0,66.0,66.0,0.0,66.0,66.0,66.0,0.0,66,66,66.0,0.0,0.0,20,20,20,0,0.0,0.0,0.0,0.0,0,0.0,0.0,0.0,0.0,0.0,0.0,0.0,0.0,0.0,0,0,0,0,1,0,0,0,0,0,0,1.0,66.0,501,133,0.0,0.0,0.0,0.0,0.0,0.0,0.0,0.0,0.0,0.0,0.0,0.0,0.0,0.0,66.0,66.0,0,1,1,66,66,BENIGN,0.98
192.168.100.214,35.201.127.49,45994,443,b4:69:21:61:a7:3d,c8:1f:be:4e:a4:a6,6,2023-03-22 18:22:53,33122424.840927124,272.8664958379605,3.290821868371066,1.1774500262979042,2.1133718420731613,39,70,3578,5460,94.0,66.0,91.74358974358974,6.945642237266466,90.0,66.0,78.0,11.827329127309946,94,66,82.91743119266054,12.267753239612292,150.49776954801786,780,1400,20,35,306689.1188974734,1940698.6236572266,59.84306335449219,454682.78953907953,33047913.789749146,1974884.271621704,595.3311920166016,869681.9418355038,418907.9162803048,33092731.475830078,1940698.6236572266,266.5519714355469,479604.80399753735,491688.32635182224,0,0,0,0,1,0,0,0,0,0,0,1.794871794871795,82.91743119266054,501,268,461623.9070892334,23158.07342529297,242390.99025726318,219232.91683197021,1017147.0642089844,6440.162658691406,346497.2291673933,365924.79855217465,0.0,0.0,0.0,0.0,0.0,0.0,91.74358974358974,78.0,0,39,70,3578,5460,BENIGN,0.8
192.168.100.214,192.168.100.1,49112,53,b4:69:21:61:a7:3d,c8:1f:be:4e:a4:a6,17,2023-03-22 18:23:26,225059.27085876465,853.1086023134284,8.886547940764878,4.443273970382439,4.443273970382439,1,1,88,104,88.0,88.0,88.0,0.0,104.0,104.0,104.0,0.0,104,88,96.0,8.0,64.0,8,8,8,1,0.0,0.0,0.0,0.0,0,0.0,0.0,0.0,0.0,0.0,0.0,0.0,0.0,0.0,0,0,0,0,1,0,0,0,0,0,0,1.0,96.0,0,0,0.0,0.0,0.0,0.0,0.0,0.0,0.0,0.0,0.0,0.0,0.0,0.0,0.0,0.0,88.0,104.0,0,1,1,88,104,BENIGN,0.99
192.168.100.214,35.201.127.49,47526,443,b4:69:21:61:a7:3d,c8:1f:be:4e:a4:a6,6,2023-03-22 18:23:27,390299.55863952637,5498.340832053072,25.62134590891459,15.372807545348756,10.248538363565837,6,4,1076,1070,674.0,66.0,179.33333333333334,222.3950439096059,652.0,66.0,267.5,237.69465707078905,674,66,214.6,232.6818428670359,54140.83999999999,120,80,20,2,43366.61762661404,250641.3459777832,0.2384185791015625,77401.14765091968,390299.55863952637,250895.26176452637,867.1283721923828,78059.91172790527,91455.47901431033,269720.79277038574,251630.30624389648,0.2384185791015625,89906.93092346191,114593.9198690042,0,0,0,0,1,0,0,0,0,0,0,0.6666666666666666,214.6,64240,261,0.0,0.0,0.0,0.0,0.0,0.0,0.0,0.0,0.0,0.0,0.0,0.0,0.0,0.0,179.33333333333334,267.5,0,6,4,1076,1070,BENIGN,0.98
192.168.100.214,35.201.127.49,47532,443,b4:69:21:61:a7:3d,c8:1f:be:4e:a4:a6,6,2023-03-22 18:23:27,389812.9463195801,5674.516510763954,28.218662576131777,15.391997768799152,12.826664807332627,6,5,1076,1136,674.0,66.0,179.33333333333334,222.3950439096059,652.0,66.0,227.2,227.36613644076377,674,66,201.0909090909091,225.92897296815713,51043.900826446275,120,100,20,2,38981.29463195801,160732.74612426758,0.2384185791015625,51572.598155544525,389812.9463195801,250130.89179992676,1455.068588256836,77962.58926391602,91254.91345722639,269719.12384033203,160732.74612426758,0.2384185791015625,67429.78096008301,63712.771607638606,0,0,0,0,1,0,0,0,0,0,0,0.8333333333333334,201.0909090909091,64240,261,0.0,0.0,0.0,0.0,0.0,0.0,0.0,0.0,0.0,0.0,0.0,0.0,0.0,0.0,179.33333333333334,227.2,0,6,5,1076,1136,BENIGN,0.98
35.201.127.49,192.168.100.214,443,58260,c8:1f:be:4e:a4:a6,b4:69:21:61:a7:3d,6,2023-03-22 18:22:53,35833125.3528595,265.7317748935941,3.209320952821185,2.093035404013816,1.1162855488073686,75,40,5850,3672,90.0,66.0,78.0,11.919731540601072,94.0,66.0,91.8,6.867313885355758,94,66,82.8,12.339544068809309,152.264347826087,1500,800,20,37,314325.539689315,1915554.5234680176,-13.828277587890625,447650.9284681756,35833125.3528595,1915554.5234680176,1.6689300537109375,484231.4236872905,476475.6446519248,34714661.59820557,1944029.8080444336,192.88063049316406,890119.5281591171,377398.75627041596,0,0,0,0,1,0,0,0,0,0,0,0.5333333333333333,82.8,269,501,114116.66870117188,2696.990966796875,54992.079734802246,45265.84669334897,1088685.0357055664,10365.962982177734,355920.4737345378,410053.8757093626,0.0,0.0,0.0,0.0,0.0,0.0,78.0,91.8,0,75,40,5850,3672,BENIGN,0.83
192.168.100.214,192.168.100.1,57073,53,b4:69:21:61:a7:3d,c8:1f:be:4e:a4:a6,17,2023-03-22 18:23:29,159571.88606262207,1190.685932767861,12.533536134398537,6.266768067199268,6.266768067199268,1,1,87,103,87.0,87.0,87.0,0.0,103.0,103.0,103.0,0.0,103,87,95.0,8.0,64.0,8,8,8,1,0.0,0.0,0.0,0.0,0,0.0,0.0,0.0,0.0,0.0,0.0,0.0,0.0,0.0,0,0,0,0,1,0,0,0,0,0,0,1.0,95.0,0,0,0.0,0.0,0.0,0.0,0.0,0.0,0.0,0.0,0.0,0.0,0.0,0.0,0.0,0.0,87.0,103.0,0,1,1,87,103,BENIGN,0.99
35.201.127.49,192.168.100.214,443,58264,c8:1f:be:4e:a4:a6,b4:69:21:61:a7:3d,6,2023-03-22 18:22:54,35883669.85321045,276.6718131287165,3.344139562393834,2.145822885869377,1.198316676524457,77,43,6018,3910,90.0,66.0,78.15584415584415,11.842105085618412,94.0,66.0,90.93023255813954,7.945732652674463,94,66,82.73333333333333,12.252709450929164,150.12888888888887,1540,860,20,38,301541.1020327015,2241738.796234131,-167.8466796875,457939.7073677395,35883669.85321045,2241738.796234131,0.2384185791015625,472153.5507001375,498012.7298734402,34723899.602890015,2430357.4562072754,140.90538024902344,826759.5143545242,456682.07723772316,0,0,0,0,1,0,0,0,0,0,0,0.5584415584415584,82.73333333333333,269,501,1161568.6416625977,133100.2712249756,443073.8687515259,418020.74443566316,1196640.4914855957,22088.289260864258,424898.8628387451,479260.13902597426,0.0,0.0,0.0,0.0,0.0,0.0,78.15584415584415,90.93023255813954,0,77,43,6018,3910,BENIGN,0.83
192.168.100.214,192.168.100.1,55763,53,b4:69:21:61:a7:3d,c8:1f:be:4e:a4:a6,17,2023-03-22 18:23:30,159158.22982788086,1206.3466665068804,12.56611110944667,6.283055554723335,6.283055554723335,1,1,88,104,88.0,88.0,88.0,0.0,104.0,104.0,104.0,0.0,104,88,96.0,8.0,64.0,8,8,8,1,0.0,0.0,0.0,0.0,0,0.0,0.0,0.0,0.0,0.0,0.0,0.0,0.0,0.0,0,0,0,0,1,0,0,0,0,0,0,1.0,96.0,0,0,0.0,0.0,0.0,0.0,0.0,0.0,0.0,0.0,0.0,0.0,0.0,0.0,0.0,0.0,88.0,104.0,0,1,1,88,104,BENIGN,0.99
192.168.100.214,216.58.223.67,34559,443,b4:69:21:61:a7:3d,c8:1f:be:4e:a4:a6,17,2023-03-22 18:23:04,26640306.23435974,575.593983984416,1.9143924079304304,0.975964756984141,0.9384276509462893,26,25,7058,8276,1292.0,75.0,271.46153846153845,392.4357106358295,1292.0,63.0,331.04,440.61742861580046,1292,63,300.6666666666667,417.8137152530955,174568.30065359475,208,200,8,26,532806.1246871948,25551415.20500183,0.2384185791015625,3574223.956861893,26629965.06690979,25569646.59690857,225.067138671875,1065198.6026763916,5002101.826067626,26597103.357315063,25572821.378707886,0.2384185791015625,1108212.6398881276,5101446.872230244,0,0,0,0,1,0,0,0,0,0,0,0.9615384615384616,300.6666666666667,0,0,0.0,0.0,0.0,0.0,0.0,0.0,0.0,0.0,0.0,0.0,0.0,0.0,0.0,0.0,271.46153846153845,331.04,0,26,25,7058,8276,BENIGN,1.0
192.168.100.214,35.201.127.49,35038,443,b4:69:21:61:a7:3d,c8:1f:be:4e:a4:a6,17,2023-03-22 18:23:26,4012639.284133911,3188.1759346233493,12.709839182818012,6.4795258579072215,6.23031332491079,26,25,6211,6582,1292.0,75.0,238.8846153846154,348.33055994856784,1292.0,64.0,263.28,397.77204728336557,1292,64,250.84313725490196,373.5846163724594,139565.46559015766,208,200,8,26,80252.78568267822,2207609.8918914795,0.0,311926.66740443604,3956046.8196868896,2316228.6281585693,308.5136413574219,158241.8727874756,450048.55479624175,3919025.659561157,2230200.5290985107,0.0,163292.73581504822,443928.45162100194,0,0,0,0,1,0,0,0,0,0,0,0.9615384615384616,250.84313725490196,0,0,0.0,0.0,0.0,0.0,0.0,0.0,0.0,0.0,1128.0,6.0,711.0,5.0,40037.36099992384,497025024.0,238.8846153846154,263.28,0,26,25,6211,6582,BENIGN,1.0
192.168.100.214,108.177.15.188,59466,5228,b4:69:21:61:a7:3d,c8:1f:be:4e:a4:a6,6,2023-03-22 18:23:36,160264.253616333,823.6396889602304,12.479389226670158,6.239694613335079,6.239694613335079,1,1,66,66,66.0,66.0,66.0,0.0,66.0,66.0,66.0,0.0,66,66,66.0,0.0,0.0,20,20,20,0,0.0,0.0,0.0,0.0,0,0.0,0.0,0.0,0.0,0.0,0.0,0.0,0.0,0.0,0,0,0,0,1,0,0,0,0,0,0,1.0,66.0,501,265,0.0,0.0,0.0,0.0,0.0,0.0,0.0,0.0,0.0,0.0,0.0,0.0,0.0,0.0,66.0,66.0,0,1,1,66,66,BENIGN,0.96
192.168.100.214,172.217.170.195,35560,443,b4:69:21:61:a7:3d,c8:1f:be:4e:a4:a6,17,2023-03-22 18:23:43,307270.2884674072,36879.58265187754,74.8526651070582,39.053564403682536,35.79910070337566,12,11,5422,5910,1292.0,75.0,451.8333333333333,519.5712709105032,1292.0,64.0,537.2727272727273,515.6307859680379,1292,64,492.69565217391306,519.4467319874105,269824.90737240075,96,88,8,12,13966.831293973055,135414.36195373535,0.2384185791015625,32792.00418492957,293383.8367462158,136233.09135437012,165.46249389648438,26671.25788601962,49496.84109423319,265760.4217529297,136567.8310394287,0.2384185791015625,26576.04217529297,46874.991187723106,0,0,0,0,1,0,0,0,0,0,0,0.9166666666666666,492.69565217391306,0,0,0.0,0.0,0.0,0.0,0.0,0.0,0.0,0.0,1502.0,5.0,3512.0,6.0,771472.5211854029,5600910.892775665,451.8333333333333,537.2727272727273,0,12,11,5422,5910,BENIGN,0.98
104.18.3.161,192.168.100.214,443,39140,c8:1f:be:4e:a4:a6,b4:69:21:61:a7:3d,17,2023-03-22 18:23:43,2129769.3252563477,8986.88875505155,16.903239037714517,11.738360442857303,5.164878594857213,25,11,18180,960,1242.0,67.0,727.2,542.8814235171434,90.0,87.0,87.27272727272727,0.8624393618641034,1242,67,531.6666666666666,539.9637847938405,291560.88888888893,200,88,8,25,60850.552150181364,265917.3011779785,0.476837158203125,80105.91141196612,2129769.3252563477,444578.1707763672,0.476837158203125,88740.38855234782,125013.8532227518,1833016.8724060059,463229.8946380615,108.00361633300781,183301.6872406006,152663.0202506479,0,0,0,0,1,0,0,0,0,0,0,0.44,531.6666666666666,0,0,0.0,0.0,0.0,0.0,0.0,0.0,0.0,0.0,4721.666666666667,5.666666666666667,0.0,0.0,39482.20988086686,0.0,727.2,87.27272727272727,0,25,11,18180,960,BENIGN,0.98
192.168.100.123,224.0.0.251,5353,5353,da:94:86:4d:80:58,b4:69:21:61:a7:3d,17,2023-03-22 18:22:51,100011979.10308838,10.70871719172816,0.08998922009855596,0.08998922009855596,0.0,9,0,1071,0,119.0,119.0,119.0,0.0,0.0,0.0,0.0,0.0,119,119,119.0,0.0,0.0,72,0,8,9,12501497.387886047,20063253.87954712,0.2384185791015625,9683685.707089683,100011979.10308838,20063253.87954712,0.2384185791015625,12501497.387886047,9683685.707089683,0.0,0.0,0.0,0.0,0.0,0,0,0,0,1,0,0,0,0,0,0,0.0,119.0,0,0,0.0,0.0,0.0,0.0,19952770.709991455,44133.42475891113,5038991.868495941,8610513.461657198,308.0,4.0,0.0,0.0,215307605.33333334,0.0,119.0,0.0,0,9,0,1071,0,BENIGN,0.93
192.168.100.214,172.217.170.197,60248,443,b4:69:21:61:a7:3d,c8:1f:be:4e:a4:a6,6,2023-03-22 18:23:53,19916.772842407227,6627.579731137101,100.4178747141985,50.20893735709925,50.20893735709925,1,1,66,66,66.0,66.0,66.0,0.0,66.0,66.0,66.0,0.0,66,66,66.0,0.0,0.0,20,20,20,0,0.0,0.0,0.0,0.0,0,0.0,0.0,0.0,0.0,0.0,0.0,0.0,0.0,0.0,0,0,0,0,1,0,0,0,0,0,0,1.0,66.0,501,295,0.0,0.0,0.0,0.0,0.0,0.0,0.0,0.0,0.0,0.0,0.0,0.0,0.0,0.0,66.0,66.0,0,1,1,66,66,BENIGN,0.96
192.168.100.1,239.255.255.250,46347,1900,c8:1f:be:4e:a4:a6,b4:69:21:61:a7:3d,17,2023-03-22 18:24:00,1825851.2020111084,382.28744994727856,2.190759025485837,2.190759025485837,0.0,4,0,698,0,175.0,174.0,174.5,0.5,0.0,0.0,0.0,0.0,175,174,174.5,0.5,0.25,32,0,8,4,608617.0673370361,1304895.8778381348,259971.38023376465,492343.6420400782,1825851.2020111084,1304895.8778381348,259971.38023376465,608617.0673370361,492343.6420400782,0.0,0.0,0.0,0.0,0.0,0,0,0,0,1,0,0,0,0,0,0,0.0,174.5,0,0,0.0,0.0,0.0,0.0,0.0,0.0,0.0,0.0,0.0,0.0,0.0,0.0,0.0,0.0,174.5,0.0,0,4,0,698,0,BENIGN,0.97
192.168.100.214,192.168.100.1,47934,53,b4:69:21:61:a7:3d,c8:1f:be:4e:a4:a6,17,2023-03-22 18:24:03,21468.639373779297,9222.754947471292,93.1591408835484,46.5795704417742,46.5795704417742,1,1,79,119,79.0,79.0,79.0,0.0,119.0,119.0,119.0,0.0,119,79,99.0,20.0,400.0,8,8,8,1,0.0,0.0,0.0,0.0,0,0.0,0.0,0.0,0.0,0.0,0.0,0.0,0.0,0.0,0,0,0,0,1,0,0,0,0,0,0,1.0,99.0,0,0,0.0,0.0,0.0,0.0,0.0,0.0,0.0,0.0,0.0,0.0,0.0,0.0,0.0,0.0,79.0,119.0,0,1,1,79,119,BENIGN,0.99
192.168.100.214,172.217.170.206,56754,443,b4:69:21:61:a7:3d,c8:1f:be:4e:a4:a6,17,2023-03-22 18:24:03,391714.81132507324,36181.93540360725,66.37481976249124,33.18740988124562,33.18740988124562,13,13,7725,6448,1292.0,75.0,594.2307692307693,570.6394731211851,1292.0,65.0,496.0,500.09029953830105,1292,65,545.1153846153846,538.7691332974476,290272.17899408285,104,104,8,13,15668.59245300293,207677.60276794434,0.2384185791015625,42341.960846470785,385415.07720947266,207677.60276794434,90.83747863769531,32117.923100789387,61878.82508799092,322202.205657959,210732.93685913086,0.2384185791015625,26850.183804829914,58075.12101498113,0,0,0,0,1,0,0,0,0,0,0,1.0,545.1153846153846,0,0,0.0,0.0,0.0,0.0,0.0,0.0,0.0,0.0,4467.0,6.0,3498.0,5.0,2626290.435660219,215912.3409465505,594.2307692307693,496.0,0,13,13,7725,6448,BENIGN,0.99
192.168.100.214,192.168.100.1,55082,53,b4:69:21:61:a7:3d,c8:1f:be:4e:a4:a6,17,2023-03-22 18:24:04,23420.333862304688,7258.64972717648,85.39587914325271,42.69793957162636,42.69793957162636,1,1,77,93,77.0,77.0,77.0,0.0,93.0,93.0,93.0,0.0,93,77,85.0,8.0,64.0,8,8,8,1,0.0,0.0,0.0,0.0,0,0.0,0.0,0.0,0.0,0.0,0.0,0.0,0.0,0.0,0,0,0,0,1,0,0,0,0,0,0,1.0,85.0,0,0,0.0,0.0,0.0,0.0,0.0,0.0,0.0,0.0,0.0,0.0,0.0,0.0,0.0,0.0,77.0,93.0,0,1,1,77,93,BENIGN,0.99
192.168.100.214,52.84.97.225,54974,443,b4:69:21:61:a7:3d,c8:1f:be:4e:a4:a6,6,2023-03-22 18:24:05,14833.211898803711,8898.949256610142,134.83256449409308,67.41628224704654,67.41628224704654,1,1,66,66,66.0,66.0,66.0,0.0,66.0,66.0,66.0,0.0,66,66,66.0,0.0,0.0,20,20,20,0,0.0,0.0,0.0,0.0,0,0.0,0.0,0.0,0.0,0.0,0.0,0.0,0.0,0.0,0,0,0,0,1,0,0,0,0,0,0,1.0,66.0,501,133,0.0,0.0,0.0,0.0,0.0,0.0,0.0,0.0,0.0,0.0,0.0,0.0,0.0,0.0,66.0,66.0,0,1,1,66,66,BENIGN,0.98
